1 0.5068821921875 0.443430225 0.5103710312499999 0.43645767187500006 0.5230181046875 0.43413326718749995 0.534792659375 0.42890377031250004 0.5378454859375 0.424836640625 0.534792659375 0.41960714218749995 0.5238901296875 0.4230932546875 0.5160404265625 0.4265796953125 0.5103710312499999 0.4230932546875 0.502957340625 0.4213501984375 0.4920548109375 0.4265796953125 0.48115228125 0.43180919375000004 0.473738590625 0.438200728125 0.4667609125 0.443430225 0.4671966765625 0.44787665312499997 0.482896825 0.4457546296875 0.48987425625 0.4457546296875 0.49816021875 0.44633564843749995 0.5068821921875 0.443430225
1 0.23431919687499997 0.574748346875 0.271823909375 0.5631273140624999 0.2801098703125 0.5648707015625 0.2888318453125 0.5648707015625 0.29362896875 0.5584788359374999 0.3032232140625 0.55441170625 0.32677256875 0.548020171875 0.327644840625 0.542790675 0.30191493125 0.5451147484375001 0.2910124015625 0.5451147484375001 0.2814181546875 0.542790675 0.270079365625 0.548601190625 0.25612425625 0.5526683203125 0.2460939984375 0.554992725 0.22995808593749997 0.5631273140624999 0.21581795625 0.571590278125 0.2125141375 0.5776537703125 0.2203638390625 0.5759107140624999 0.23431919687499997 0.574748346875
1 0.24827430625 0.5119947093749999 0.23998859062500003 0.5067652109375 0.2303943453125 0.50618419375 0.2216723703125 0.517805225 0.203355903125 0.523615740625 0.20151165624999998 0.5279907406250001 0.23519146875 0.5212916671875 0.25568824375 0.510832671875 0.24827430625 0.5119947093749999
1 0.1928896328125 0.5881127640625 0.1859119546875 0.585788690625 0.18111483125 0.5904368390625 0.183527034375 0.5961150796875 0.1950701890625 0.5962473546875 0.1981227671875 0.59159920625 0.1928896328125 0.5881127640625
1 0.1876564984375 0.56893783125 0.2037921625 0.5654517203125 0.2081530265625 0.5660327374999999 0.21643898749999999 0.562546296875 0.22428893906249997 0.5608032406250001 0.22559722187500003 0.5567357796875 0.21425843281249998 0.5578978171875 0.2151307046875 0.5520873015625 0.20902529687500002 0.5526683203125 0.20478174531249999 0.5596005296875 0.19332564531250002 0.562546296875 0.18547594218750002 0.5648707015625 0.1876564984375 0.56893783125
1 0.3770811015625 0.5419143515625 0.3770811015625 0.5386881609375 0.3712693453125 0.5364295640625001 0.368363590625 0.5338485453125 0.3640049609375 0.53481646875 0.3595079359375 0.5401094578125 0.3625520828125 0.54417295 0.368121528125 0.5438501984374999 0.3770811015625 0.5419143515625
1 0.35119543593749997 0.507362103125 0.3585228171875 0.5057728171875 0.359204365625 0.5023670640625 0.3568187 0.49964252656249997 0.35545560468750004 0.49737202343750003 0.3397782734375 0.5005505953125 0.3355181046875 0.5030482796875 0.3314283234375 0.5050916 0.3322095734375 0.5084937171874999 0.3397782734375 0.5062268515625 0.3411416171875 0.5103138234375 0.3464241078125 0.5103138234375 0.35119543593749997 0.507362103125
1 0.5240057046875 0.4971054890625 0.5299699906249999 0.4950618390625 0.5323556546875 0.48620701093749996 0.5297996031250001 0.4834828046875 0.5229833828125 0.4843908734375 0.517019096875 0.485526125 0.5112254468749999 0.4877966265625 0.509691715625 0.4927913359375 0.5105438984374999 0.4980135578125 0.5139518843750001 0.49937566093749997 0.5240057046875 0.4971054890625
1 0.5810915171875 0.43807374374999997 0.58075074375 0.43466798906250004 0.57529761875 0.4360300921875 0.56916319375 0.4373925265625 0.5655548109375 0.43885747343750003 0.5652438 0.44284160000000006 0.5688224203125001 0.4453389546875 0.5783650796875001 0.4417063484375 0.5810915171875 0.43807374374999997
1 0.620455109375 0.45532903437499994 0.6218182046875 0.4528316796875 0.62437425625 0.45010714218750003 0.6257375984375 0.4462473546875 0.6230111609375 0.44465806875 0.619091765625 0.44397685156250005 0.616194940625 0.44397685156250005 0.6132981156249999 0.4457933203125 0.6104350203125 0.45120866406250004 0.6112532234375 0.45419378281249995 0.6155133921875 0.45442096562499995 0.620455109375 0.45532903437499994
1 0.81778745 0.42811970937500005 0.8431914687500001 0.4196577375 0.8497348703125001 0.4168373015625 0.8470404265625 0.4122215609375 0.8366480656249999 0.4111960984375 0.831644096875 0.409913690625 0.8229838796875001 0.409913690625 0.81721006875 0.4142731484375 0.8106666671875 0.42017063437499996 0.79911954375 0.42376058125 0.7948856640625 0.42863260625 0.7785270343749999 0.43632539687499994 0.7775647328125 0.43940244687499996 0.7873799609375001 0.4360687828125 0.81778745 0.42811970937500005