1 0.6380380296875 0.371440228125 0.642170965625 0.374228175 0.6458908734375 0.3680327375 0.645064484375 0.36307663749999997 0.645064484375 0.359049603125 0.6405178578124999 0.3568812 0.638040675 0.3587671125 0.6330780421875 0.3605984625 0.6330780421875 0.36431572343749996 0.6351445109375 0.3677232140625 0.6380380296875 0.371440228125
1 0.620678240625 0.3962219734375 0.623571759375 0.392194940625 0.6231584 0.3850701890625 0.6202652109375 0.3804236109375 0.6178958328124999 0.38230133906249997 0.61323875625 0.3850701890625 0.61323875625 0.389097221875 0.6157185843749999 0.39374380000000003 0.620678240625 0.3962219734375
1 0.5896792328125 0.4216232640625 0.5913326718749999 0.426269840625 0.59174603125 0.4426875 0.5950525796874999 0.4426875 0.596292328125 0.43773115156250003 0.597119046875 0.42379166718750005 0.5975324078125 0.3841408734375 0.5946392203124999 0.3804236109375 0.5931025125 0.38433506875 0.5925724203125 0.3993196921875 0.5830661375 0.4042760421875 0.5830661375 0.40985193437499995 0.5896792328125 0.4216232640625
1 0.6181984125 0.4532197421875 0.623571759375 0.459415178125 0.62687830625 0.465610615625 0.6277050265625 0.48233829375 0.6277050265625 0.4866750984375 0.6305982140624999 0.4866750984375 0.6326646828125 0.48481646874999995 0.6334914015625001 0.465610615625 0.63679795 0.4560076890625 0.6405178578124999 0.4498122515625 0.640104496875 0.44423635937499995 0.6339047625 0.4368018359375 0.6339047625 0.4197646328125 0.634318121875 0.40489558593749997 0.6322513234375 0.3996294640625 0.629130290625 0.39915302656249996 0.6256382281249999 0.409232390625 0.6252248671875 0.43866046562500005 0.6194384921875 0.4464047625 0.6181984125 0.4532197421875
1 0.607038690625 0.514859375 0.607865409375 0.5099030265625 0.6107585984375 0.5071150796875 0.6091054890625001 0.5027782734375 0.6039497359375 0.501425346875 0.6008389546874999 0.5055662203125 0.6008389546874999 0.512071428125 0.6045588625 0.5164082343749999 0.607038690625 0.514859375
1 0.6359712296875 0.5241525296875 0.6392777781250001 0.5266307046875001 0.6438244046875 0.5213645828125 0.645064484375 0.517647321875 0.6442377640625 0.5130007437499999 0.6341666671875 0.5095607640625001 0.629358134375 0.5136202875 0.628531415625 0.517027778125 0.6297714953125 0.5213645828125 0.6359712296875 0.5241525296875
1 0.58017295 0.639382440625 0.5838928578125 0.6455778765625 0.5859593249999999 0.6505342265625 0.5859593249999999 0.659517609375 0.5859593249999999 0.6638544140625 0.5888525125 0.6607566968749999 0.5896792328125 0.6489853671875 0.59174603125 0.640621528125 0.593399140625 0.636904265625 0.5929857796875 0.6316381453125001 0.59174603125 0.625133184375 0.5913326718749999 0.6142911703125 0.5913326718749999 0.609334821875 0.5872916671875 0.6097993546875 0.5838928578125 0.6186279765625 0.5809993390625 0.6260625 0.58017295 0.6316381453125001 0.58017295 0.639382440625
1 0.6243981484375001 0.6427899312500001 0.6301848546875 0.6427899312500001 0.6310115734374999 0.636904265625 0.629358134375 0.633806546875 0.6256382281249999 0.6300892859375 0.6225446421874999 0.6327524796875 0.6190251328125 0.63597495 0.618611771875 0.63907266875 0.6202652109375 0.642480159375 0.6243981484375001 0.6427899312500001
1 0.6140651453125 0.7143469734375001 0.614891865625 0.711559028125 0.6140651453125 0.70877108125 0.60976058125 0.7071324406249999 0.607038690625 0.71124925625 0.607038690625 0.7137274312499999 0.6086921296875001 0.7165153765625 0.6140651453125 0.7143469734375001
1 0.601665675 0.6864677578125 0.6012523140625 0.68182118125 0.596976521875 0.67953050625 0.5950525796874999 0.6836798109375 0.5950525796874999 0.6880166171875 0.5975324078125 0.68925545625 0.601665675 0.6864677578125
1 0.6231537703125001 0.8357678578125001 0.61900396875 0.8387368546875 0.61711739375 0.844815971875 0.6178720234374999 0.8477849703125001 0.61900396875 0.8524501484375 0.62013558125 0.8559846234374999 0.62202215625 0.859660465625 0.6248515218749999 0.8633360609375 0.6282470234375 0.866446428125 0.6340945765625 0.870405009375 0.6331514546875 0.8565500984375 0.63484920625 0.8417056046875 0.631453703125 0.8394437 0.6301332671875 0.8347782734375 0.630887896875 0.82841641875 0.631453703125 0.8226200390624999 0.6310763890625 0.8183787203125 0.62694080625 0.816534721875 0.625983465625 0.8220545640625 0.6257946421875 0.826861359375 0.6239084 0.82841641875 0.6231537703125001 0.8357678578125001