1 0.5045069437499999 0.6851510421875 0.510978175 0.68735540625 0.5121547625 0.6997006453125 0.5168607796875 0.7063142359375 0.5209788359374999 0.7019052578125 0.5215671296875 0.688678075 0.5162724875 0.682946428125 0.5221554234375 0.675451140625 0.5209788359374999 0.667073909375 0.5180373671875 0.6520833328125 0.51156646875 0.6406200390625 0.508625 0.6375337296875 0.506722553125 0.64503745 0.5009771828125 0.656933284375 0.49980059531250004 0.665751240625 0.5003888890625 0.676773809375 0.5045069437499999 0.6851510421875
1 0.5639236109375 0.6851510421875 0.572748015625 0.6811827874999999 0.572748015625 0.6776557546875 0.5721597218750001 0.670601190625 0.5686299609375001 0.664428571875 0.5613095234375 0.6661279765625 0.5580410046875001 0.6710421625 0.5580410046875001 0.675451140625 0.5621587296875 0.67986011875 0.5639236109375 0.6851510421875
1 0.5655677906250001 0.764101190625 0.56986375625 0.7626927078125 0.57174305625 0.760076884375 0.5714745375 0.7566560015625 0.57013194375 0.7522291671875 0.5663733468750001 0.7500158734375 0.56368419375 0.7511220234375 0.56019808125 0.7546438484375 0.56019808125 0.759271825 0.5623459000000001 0.7614853671875 0.5655677906250001 0.764101190625
1 0.5400615078125 0.732308284375 0.5424781750000001 0.733716765625 0.5448945109375 0.7329119546875 0.5448945109375 0.7290887890625 0.5448945109375 0.7260704359375 0.54301488125 0.7228509421875 0.5390231484375 0.7205471234374999 0.537913690625 0.7246619546875 0.537913690625 0.726472965625 0.5389877640625 0.7300947421874999 0.5400615078125 0.732308284375
1 0.55106944375 0.540247271875 0.556439484375 0.54286334375 0.5599295640624999 0.5436681546875 0.5593925265624999 0.5378325890625 0.56127215625 0.534814484375 0.56073511875 0.53078993125 0.5583187828125 0.5281741078125 0.5534861109375 0.52716790625 0.5490889546875 0.5276614578125 0.5448945109375 0.5305887890625 0.545431546875 0.5344119546874999 0.5467738093750001 0.5386376484375 0.55106944375 0.540247271875
1 0.5118707015624999 0.535216765625 0.5118707015624999 0.5382351187500001 0.5161663359374999 0.5388387890625 0.519388228125 0.5378325890625 0.518582671875 0.5338082843749999 0.518045965625 0.5295825890625 0.518851190625 0.526966765625 0.518851190625 0.521936259375 0.5153611109375 0.51972271875 0.5095806875 0.5203008437500001 0.5070380296875 0.5243509421875 0.507306546875 0.5281741078125 0.5099914015625 0.5311924609374999 0.5118707015624999 0.535216765625
1 0.527711309375 0.47047767812499997 0.5314702375 0.4749045140625 0.53361805625 0.47953273750000003 0.5360343921874999 0.484764384375 0.538450728125 0.49884995 0.5414041 0.4998561515625 0.5438204359375 0.49824627968749996 0.5405985453125 0.480538690625 0.5395248015624999 0.47430084375000003 0.54113558125 0.46263020781249997 0.5438204359375 0.45719717187500003 0.5405985453125 0.450758184375 0.5344236109375 0.4433129953125 0.5261005296875 0.3976356640625 0.5223416000000001 0.39481869999999997 0.5206531078125 0.3987562 0.5212675265625 0.45136185468749995 0.5196567453125 0.4594107140625 0.5236841937500001 0.4648435015625 0.527711309375 0.47047767812499997
1 0.466228175 0.415141865625 0.4683759921875 0.4199712296875 0.4729401453125 0.42620907812500003 0.47804133593750003 0.4306359125 0.48018948437500003 0.43486160781249994 0.481263228125 0.44612996093749996 0.48394808125 0.445727678125 0.48502215625 0.43385540625 0.485290675 0.424398065625 0.48394808125 0.41031274843750004 0.4815317453125 0.3994466765625 0.479115409375 0.387574653125 0.47669907343749995 0.3821416171875 0.4734771828125 0.382544146875 0.474098875 0.386488590625 0.47455125625 0.3976356640625 0.47508796249999996 0.4038735125 0.47186640156250004 0.4089040171875 0.466228175 0.415141865625
1 0.508917328125 0.39431721249999996 0.509722884375 0.39653050625 0.512944775 0.39653050625 0.51267625625 0.3921036703125 0.51401851875 0.3896889875 0.5124077375 0.385262153125 0.507064153125 0.3836577375 0.5011312828125 0.38646949375 0.5011312828125 0.3900915171875 0.5016683203125 0.39492088281250004 0.508917328125 0.39431721249999996
1 0.52448941875 0.3663474703125 0.528785384375 0.367353421875 0.5312017203125 0.3697681046875 0.5354973546874999 0.3681584828125 0.5360343921874999 0.363127728125 0.5346921296875 0.35970709375 0.53361805625 0.3562862109375 0.5294606484375 0.3544040171875 0.52448941875 0.35608506875 0.5228786375000001 0.35890228125 0.5228786375000001 0.36131696406249997 0.52448941875 0.3663474703125
1 0.6044378312500001 0.90398363125 0.6024993390625 0.9067571921875001 0.60232308125 0.9101912203125 0.603556878125 0.9138893843749999 0.6065525796875 0.9170592765625001 0.608667328125 0.9220783734375001 0.6121921296874999 0.9263048109375 0.6132493390625 0.9285500984375 0.61518783125 0.9318521828125 0.6164216265625 0.9363427578125 0.622060846875 0.938323909375 0.625056878125 0.9375314984375 0.6245281078125 0.933701140625 0.6215320765625 0.9248519343750001 0.6185363749999999 0.9101912203125 0.61554034375 0.9026626984374999 0.6148356484375 0.898040178125 0.6132493390625 0.8883983140625 0.611487103125 0.8784925593749999 0.6095486109375 0.8743980656250001 0.6078465609375 0.8760669640625001 0.6067288359375 0.885492559375 0.6058478843749999 0.8928888890625 0.6056716265625 0.8994928078125 0.6044378312500001 0.90398363125