3 0.5401235375 0.483041340625 0.5494639984374999 0.46930078125 0.5548786546875 0.45676562499999995 0.5558263890624999 0.44832845 0.55311896875 0.4473642578125 0.54459064375 0.46375651093750003 0.5271279234375 0.49491210937499996 0.5271279234375 0.49871061250000004 0.5320012796875 0.4970231125 0.5401235375 0.483041340625
3 0.44333442968750003 0.631294921875 0.448207784375 0.6202060546875 0.45213340625000004 0.6088759765625 0.45145650625 0.6014029953125 0.4465833328125 0.6079117843749999 0.44049159375 0.6190006515625 0.42993293125000004 0.6341875 0.43115113281250006 0.6411783859375 0.43643055625000005 0.6406962890625 0.44333442968750003 0.631294921875
3 0.49639912343750003 0.4683365890625 0.5010018281249999 0.4565247390625 0.5062810671875 0.44615885468750005 0.516298428125 0.43073079375 0.5261803734375 0.409517578125 0.5387697375 0.386375325 0.5418832234375001 0.377697265625 0.540665021875 0.3764918625 0.5347086984375 0.383482746875 0.5273987578125 0.3972233078125 0.5202242328125 0.411928059375 0.5103422875 0.427838215625 0.49707602343749996 0.44977473906250004 0.48191465625 0.4782200515625 0.48584046093750005 0.478943359375 0.49030756562500005 0.4774970703125 0.49639912343750003 0.4683365890625
3 0.6235531796875 0.33471484375 0.627817434375 0.3237311203125 0.629416484375 0.3126123046875 0.6351273749999999 0.2998662109375 0.6358126828125 0.2888828125 0.6313961984375001 0.29362858125 0.624619334375 0.30257812500000003 0.6140350875 0.324544921875 0.6127406796875 0.33430794218750004 0.616167215625 0.341087890625 0.6235531796875 0.33471484375
3 0.592485928125 0.3922080078125 0.5965217468749999 0.3835299484375 0.5972070546875 0.377970378125 0.5989583328125 0.3688854171875 0.60779111875 0.35125748749999997 0.6053545328125 0.3494947921875 0.5978923609375 0.3612916671875 0.5897447 0.3762076828125 0.579998171875 0.39749641874999997 0.5755436765625 0.41408951875 0.5802266078125 0.40956445312499995 0.5847953218749999 0.40468294218749995 0.592485928125 0.3922080078125
3 0.4010626828125 0.641037109375 0.406170321875 0.6315244140625 0.4122150953125 0.6207600906249999 0.4190096859375 0.6088274734375 0.42571034374999994 0.5985638015625 0.431239765625 0.5859635421875 0.43306725156250003 0.580623046875 0.43128655 0.5783701171875 0.42641319375000003 0.5862975265625 0.41591685 0.6050725906250001 0.40565497031250003 0.624181315625 0.39586147656250004 0.642205403125 0.394455775 0.648630534375 0.39614254375 0.6502994796875 0.4010626828125 0.641037109375
3 0.41423007968750003 0.6077428390625 0.4167604171875 0.6024856765625 0.41844736875 0.5963942062500001 0.41975932031249996 0.5910537109375 0.421352521875 0.5810403640625 0.4252887421875 0.5683567703125 0.4276783625 0.559177734375 0.42486695937499996 0.56159765625 0.4176975515625 0.5735302734375 0.408138340625 0.5877994796875 0.39478362499999997 0.6131666671875 0.388645284375 0.6305231124999999 0.391690971875 0.6315244140625 0.400781615625 0.6272688796875 0.40602978749999996 0.62109375 0.410387609375 0.6137506515625 0.41423007968750003 0.6077428390625
3 0.47788742656250005 0.5610768234375 0.4827607828125 0.5519814453125 0.486415753125 0.54572298125 0.4874466375 0.5391308593749999 0.4865562859375 0.5374622390625 0.4835573828125 0.5410501296875 0.47901206093750004 0.5498955078125001 0.47409192187500004 0.5589908859375 0.47399817187500004 0.56299609375 0.47554459062500004 0.5638307296875 0.47788742656250005 0.5610768234375
3 0.500777778125 0.5211403 0.5058854171875 0.51237890625 0.510852521875 0.5031165359374999 0.5157726609375 0.491517578125 0.5123987578125 0.49343684843749996 0.5067757671875001 0.5034501953125 0.5010120609375 0.513213215625 0.4946862203125 0.524978840625 0.4952017546875 0.529818684375 0.49707602343749996 0.527482096875 0.500777778125 0.5211403
3 0.5114850140625 0.467718425 0.5176235375 0.45620312500000004 0.5244649124999999 0.44385319062499995 0.5303691515625 0.4330888671875 0.5373510593749999 0.4192369796875 0.5431145828124999 0.409390625 0.5477536546875 0.39895996093749997 0.549674890625 0.3928684890625 0.5452701015625 0.399377278125 0.5413808484375 0.40471744843749996 0.5345862578125 0.417818359375 0.5289632671875 0.4274143875 0.5216533265625001 0.44034863281250003 0.512562865625 0.45712076875 0.5107821640625 0.46054199218749997 0.5096107453125 0.46571582031250003 0.5114850140625 0.467718425
3 0.4574102703125 0.5350074874999999 0.45333351562499996 0.541015625 0.4512249640625 0.5462724609375 0.45159978125 0.5492766921875 0.4549267171875 0.549193034375 0.46214290937499997 0.538595703125 0.46532931250000004 0.5315862625000001 0.461112025 0.5312526046875 0.4574102703125 0.5350074874999999
3 0.35832766875 0.7291881515624999 0.36343530625 0.719091471875 0.3694800796875 0.709078125 0.372666484375 0.7001494140625 0.3706514984375 0.6950592453125 0.3721979171875 0.6901360671875 0.3785237578125 0.6805400390624999 0.3840999640625 0.670693359375 0.3839124640625 0.6669384765624999 0.38124159375 0.6687740890625 0.3761809203125 0.6768684890625 0.37008918125 0.68696516875 0.3589369515625 0.7049055984375 0.3487216734375 0.726517903125 0.35134576093750003 0.7306067703125 0.35457894687499997 0.7340279953125 0.35832766875 0.7291881515624999
3 0.2251321265625 0.9996744796874999 0.2275687140625 0.996107746875 0.2318797515625 0.98834733125 0.236706140625 0.9799192703124999 0.24321948125 0.96898828125 0.2501546046875 0.9551363937499999 0.2569959796875 0.9422024734375001 0.2600886328125 0.9320221359374999 0.25844864843750004 0.9264313156249999 0.253106725 0.9309375 0.248139803125 0.940283203125 0.2384868421875 0.9593919265625 0.2289745984375 0.973744465625 0.22391374218750001 0.9860107421875 0.21744736874999998 0.999528971875 0.2251321265625 0.9996744796874999
3 0.28077668125 0.906125325 0.283166484375 0.9043730468750001 0.28841465624999996 0.896528971875 0.2946469296875 0.8844296875 0.299426534375 0.8775872390625 0.2999886703125 0.871412109375 0.29937956875 0.8693261718749999 0.2959120984375 0.8738320312500001 0.2901953578125 0.8845963546875 0.28761805625000003 0.8881012374999999 0.28405683437499996 0.895861653125 0.28077668125 0.906125325
3 0.27212719375 0.87357454375 0.275032346875 0.8734075515624999 0.2778439328125 0.8709042968749999 0.28046801875 0.8668990890625 0.2840760234375 0.8616419265624999 0.29012079687500003 0.8493756515625 0.297758771875 0.834939778125 0.3069899484375 0.819919596875 0.315143275 0.8053167312499999 0.322546965625 0.790213215625 0.3230623171875 0.7796158859375 0.32151608125000003 0.773607746875 0.3172520109375 0.7801998703125 0.31050438593749996 0.791798828125 0.3017417765625 0.8051500656250001 0.2926981 0.8248427734374999 0.2786873171875 0.8537981765625 0.27606323125 0.8604736328125 0.2742357453125 0.8677333984375 0.27212719375 0.87357454375
3 0.3220826015625 0.7594817703125 0.3170219296875 0.7553095703125 0.3090089546875 0.762986328125 0.2917182015625 0.7991178390625 0.2796286546875 0.8229830734375 0.270772478125 0.8400891921874999 0.26149433437499997 0.85419140625 0.25469992656249996 0.865122721875 0.24603106718749998 0.8860673828125 0.23698739062500002 0.905678059375 0.2345975875 0.9127708328124999 0.2400332609375 0.9098502609375 0.24715570156250002 0.8999205734375 0.25409082656250004 0.8900208328125 0.270772478125 0.8607317703125 0.290125 0.8229313156250001 0.31294517499999996 0.7776725265625 0.3220826015625 0.7594817703125