3 0.4497644375 0.5036070968749999 0.445804825 0.50848860625 0.44813998593750004 0.5112005203125001 0.4553485015625 0.5101158859375 0.46245540937499996 0.505596028125 0.469968384375 0.5065000000000001 0.4807302625 0.5019798171875001 0.48763395468750004 0.5008951828125 0.4938271203125 0.4999912109375 0.498903509375 0.49619433593749995 0.5004263515625 0.49203613281249997 0.4981928 0.48733528593750003 0.4838775578125 0.4940247390625 0.45930793124999997 0.49895117187500004 0.45758205468749996 0.5014375 0.45382547500000003 0.5025224609375 0.4497644375 0.5036070968749999
3 0.39514290937499996 0.5028837890625 0.40072697343749997 0.5008951828125 0.40590478750000003 0.501075846875 0.4072245984375 0.49926790312499997 0.40844298281249997 0.4945673828125 0.40570175468749997 0.49366341093750005 0.40082839843749996 0.496375325 0.393620065625 0.49764094999999997 0.391081871875 0.502341471875 0.39230025625 0.5036070968749999 0.39514290937499996 0.5028837890625
3 0.5341334062499999 0.4869739578125 0.5365699921875 0.4891432296875 0.544895284375 0.48498502656250003 0.5554539468749999 0.481369140625 0.5600226609375001 0.47721061249999996 0.5604289109375 0.47070214843749997 0.5578907156249999 0.4665436203125 0.5516975515625 0.4703404953125 0.5407326390625 0.4746796875 0.5362653515625 0.4746796875 0.5340317984375 0.48046516875 0.5341334062499999 0.4869739578125
3 0.5879426171875 0.4544303390625 0.5862167390625 0.4564192703125 0.5731197 0.460939128125 0.5611396203125001 0.4660013015625 0.5624594296875001 0.4714251296875 0.5663174343749999 0.47106380156250005 0.57464254375 0.4697981765625 0.578805190625 0.47015983125 0.58154641875 0.47287174531250004 0.5929175796874999 0.46997884062499995 0.6065221125 0.465458984375 0.63302065 0.45750390625000004 0.6428687859375 0.451718425 0.642767178125 0.434904296875 0.6398229171875001 0.4334580078125 0.6294672875 0.4359889328125 0.6209389625 0.43689290312500006 0.61058315 0.43833951875 0.5986030703125 0.44322102812499997 0.5921052625 0.44539062500000004 0.5837799703125001 0.4488255203125 0.5879426171875 0.4544303390625
3 0.598806103125 0.42821484375 0.59758771875 0.42712988281250003 0.59362810625 0.4276725265625 0.588348684375 0.43020345000000004 0.5852013890625 0.43201139375000003 0.58306944375 0.43381933593750005 0.5809373171875001 0.43707389374999994 0.5720029234374999 0.4408704421875 0.5655051171875 0.44249772187499997 0.5639822734375 0.4446673171875 0.5657083328125 0.44737923124999995 0.5764700296874999 0.44448665312499996 0.5824601609375 0.44249772187499997 0.5933236484375 0.43942415312499994 0.59758771875 0.43707389374999994 0.5986030703125 0.4329153640625 0.598806103125 0.42821484375
3 0.5101730625 0.415197265625 0.5059088078125 0.41429329375 0.48763395468750004 0.42062141875 0.4664148390625 0.4274915359375 0.451084246875 0.43273469999999997 0.43758114062500003 0.43580826874999995 0.42925603125 0.43942415312499994 0.429560671875 0.441955403125 0.439408625 0.44177441406250006 0.4503735375 0.43996647187500004 0.4650950296875 0.43653157499999995 0.48905537343749994 0.42966113281249996 0.5005279609375 0.42532194062500006 0.5076348687500001 0.4200787765625 0.5101730625 0.415197265625
3 0.4763645828125 0.46925585937500003 0.48814162968749997 0.4634700515625 0.496466921875 0.45659993437499996 0.490984465625 0.4569615890625 0.47829349375 0.46184309843750004 0.45920650625 0.4703404953125 0.45961257343749995 0.47359472656249996 0.4630645109375 0.47413737031250003 0.4763645828125 0.46925585937500003
3 0.317170321875 0.5259485671874999 0.328236659375 0.524502278125 0.333617690625 0.5277568359375 0.34153673281249997 0.5255872390625 0.351181834375 0.5210670578125 0.3585932015625 0.5163665359375 0.36072532968750004 0.5084114578125 0.35087719375000004 0.51202734375 0.3349375 0.5151009109375 0.3315869890625 0.516185546875 0.3204190421875 0.5205247390625 0.317170321875 0.5259485671874999
3 0.16559046093750002 0.5646393234375 0.17686001406250001 0.5606617843749999 0.19290131562499999 0.5565032546875 0.201328034375 0.5541529953125 0.2075211984375 0.5521643875 0.22315625 0.5461979171875 0.2302631578125 0.5411357421874999 0.2267097953125 0.539146809375 0.21097295312500003 0.5454749343749999 0.1860988671875 0.5515768234375 0.17371271875 0.5546953125 0.1647783265625 0.5579498703125 0.16559046093750002 0.5646393234375
3 0.2261005109375 0.5109427078125 0.2271158625 0.5160048828125 0.227927996875 0.5230559890625 0.2346288375 0.522513671875 0.248842653125 0.5172705078125001 0.26285325312499996 0.51455859375 0.26955409375 0.5096770828125 0.2746304828125 0.5011793625000001 0.27635635937499997 0.4961171875 0.2725999640625 0.49412858125000003 0.26031505781250003 0.4973828125 0.247827303125 0.502083659375 0.2432585890625 0.502806640625 0.23269974375000002 0.5035624999999999 0.229958515625 0.5067841796875 0.2275219296875 0.5076881515625 0.2261005109375 0.5109427078125
3 0.1553362578125 0.51582421875 0.1551332234375 0.5217903640625 0.17117452500000002 0.5156432296875 0.1831546046875 0.5125696609375 0.1908706140625 0.5100384109375 0.20244480937499998 0.5076881515625 0.21127759531249998 0.5046145828124999 0.21655701718749998 0.499552409375 0.2091454671875 0.5004563796875 0.1938150578125 0.5035299484375 0.18203782968749999 0.50569954375 0.178890534375 0.507326496875 0.1647783265625 0.51202734375 0.1553362578125 0.51582421875
3 0.10553728124999999 0.56193359375 0.11700986875 0.5584983718750001 0.13406633750000002 0.5523512375 0.1594481 0.5440348312500001 0.185235928125 0.53644140625 0.20604897656249999 0.529209309375 0.204221490625 0.5241471359375 0.19203819375 0.525955078125 0.185743603125 0.519627278125 0.179652046875 0.52053125 0.1584327484375 0.527220703125 0.1386350515625 0.5331868484375 0.12259374999999999 0.54023795625 0.10706012499999999 0.5471083984375 0.10269444375 0.552712890625 0.1001564328125 0.5601256515624999 0.10553728124999999 0.56193359375
3 0 0.6328059890625 0.0291889625 0.628466796875 0.0811708703125 0.617619140625 0.087364034375 0.6047825515625 0.08482584062500001 0.597912109375 0.07548537968749999 0.5876067703125 0.0695966734375 0.5874261062499999 0.0594440796875 0.590318684375 0.044418128125 0.59122265625 0.025026315625 0.59628515625 0.013959978125 0.599720378125 0 0.602974609375 0 0.6328059890625
3 0.06079440781249999 0.536122721875 0.07346491250000001 0.5404619140625 0.1041666671875 0.5387262374999999 0.1287768640625 0.5291803390625 0.1436403515625 0.525275065625 0.152655884375 0.52267155 0.1399853796875 0.509653971875 0.12219791718749999 0.5113896484375 0.0861354171875 0.5248411453124999 0.06079440781249999 0.536122721875