3 0.5256533265625001 0.527280925 0.5051244515625 0.5294762375000001 0.452981359375 0.5419173171875 0.4053545328125 0.547771809375 0.34376809218750004 0.5624082031250001 0.27807602343750004 0.5726536453125 0.20335124218749998 0.5850947265625 0.1528503296875 0.588021809375 0.176239034375 0.5968037109375001 0.2300244890625 0.5902174484375 0.28914747812499997 0.581435546875 0.33677430625000004 0.583630859375 0.365103984375 0.5850947265625 0.391791484375 0.5741171875 0.41073044531249997 0.5564140625 0.4496968203125 0.5514309890625 0.5043033625 0.5426490890625 0.5309906796874999 0.5338671875000001 0.5256533265625001 0.527280925
3 0.4605296046875 0.55989095 0.4779322 0.5555826828125 0.48760014687500003 0.547828125 0.48421637500000003 0.5461048171875 0.4658470390625 0.5504130859374999 0.444577303125 0.552997721875 0.42379111875 0.55989095 0.4112368421875 0.5649973953125 0.427174890625 0.5659221999999999 0.445060671875 0.5616142578125001 0.4605296046875 0.55989095
3 0.630224415625 0.4834072265625 0.591448465625 0.4928131515625 0.5639152046875 0.4948580734375 0.5391354171875 0.4948580734375 0.530416484375 0.5014016921875 0.499212353125 0.5046731765625 0.4998528875 0.5091585281250001 0.5395942984375 0.505900065625 0.59603728125 0.496494140625 0.6336659359375 0.48790559843750003 0.630224415625 0.4834072265625
3 0.6249471859375 0.5181692703125 0.6254060671875 0.51326139375 0.600396746875 0.5198050125 0.585253471875 0.5210319015625 0.576793128125 0.5234153640625 0.5785995984375 0.530028971875 0.5983316890625 0.525939453125 0.6249471859375 0.5181692703125
3 0.6293064687500001 0.5369814453124999 0.6490387421875 0.5324830734375 0.67473629375 0.531256184375 0.685290753125 0.524712565625 0.6871262796875001 0.512443684375 0.6538569078124999 0.51448860625 0.64353198125 0.5165332031250001 0.6254060671875 0.5218499343749999 0.610873903125 0.529853840625 0.6088861484375 0.535345703125 0.6139338453125001 0.5382083328125 0.6293064687500001 0.5369814453124999
3 0.55129495625 0.546494140625 0.57550310625 0.5410384109375 0.5759205046875 0.5365748703125 0.5699380484375001 0.537814778125 0.551434028125 0.5415345046875 0.5294517546875 0.5494700515625001 0.5076087359375 0.5544296875 0.49341757968750005 0.5569095046875 0.4822874640625 0.5588935546875 0.4832613296875 0.562861328125 0.5371038015625 0.5499661453125 0.55129495625 0.546494140625
3 0.54378198125 0.54054264375 0.5507383046875 0.5335989578125 0.5382169218749999 0.5368229171875 0.5249398750000001 0.5407587890625 0.527364765625 0.5427744140625 0.5351560671875 0.5417825515625 0.54378198125 0.54054264375
3 0.5818298609375 0.2675208328125 0.5908179828125 0.26962858125 0.6085577484375 0.25698079375 0.608321271875 0.24770540312499997 0.600752375 0.24264648437499997 0.592473684375 0.24686230468749998 0.5714225140625 0.2670989578125 0.548478984375 0.289443684375 0.5236430921874999 0.31642610625 0.5224605265625 0.3214853515625 0.5245893640625 0.326544596875 0.5697666296875 0.2801686203125 0.5818298609375 0.2675208328125
3 0.5186759875 0.356056640625 0.5368888890625 0.3307604171875 0.5718954671875001 0.3037783203125 0.575916484375 0.2978756515625 0.56621875 0.290287109375 0.54114638125 0.3109453125 0.5338139625 0.3210638015625 0.5167838078125 0.343408528125 0.5094513890625 0.343830078125 0.505430190625 0.3573212890625 0.5002266078125001 0.361958984375 0.4898192609375 0.3817740890625 0.475627375 0.410021159375 0.4719095390625 0.4234287109375 0.47539089843750004 0.4256204421875 0.4912384875 0.39526530000000004 0.5186759875 0.356056640625
3 0.6113961984375 0.20512402343749997 0.6123422875 0.200486328125 0.6085577484375 0.204280925 0.5995696265625 0.2106048171875 0.5934197734375 0.2198798828125 0.600752375 0.2194583328125 0.6076116593750001 0.21271289062499998 0.6113961984375 0.20512402343749997
3 0.66840021875 0.20681054687499997 0.6922898390625 0.188260090625 0.7303713453125 0.17645540312500002 0.7360480625 0.17308235624999999 0.7429075296875001 0.164650390625 0.7485842468749999 0.1545322265625 0.7490572 0.14820800781250001 0.7573358921875 0.140619465625 0.7526052625 0.14019791718750002 0.7346288375000001 0.1477864578125 0.7045895468750001 0.159591471875 0.676205775 0.177298503125 0.6461663015625 0.1937408859375 0.6300820546875 0.20976171875 0.6206953578125 0.22477864531249997 0.6251149484375 0.23294954375 0.6395433109375 0.2228310546875 0.66840021875 0.20681054687499997
3 0.699025584375 0.148028971875 0.7505893640625 0.123998046875 0.7768442984374999 0.11556608125000001 0.8132701015625001 0.1067122390625 0.844965278125 0.1016533203125 0.86412426875 0.099966796875 0.8619954312500001 0.0923779296875 0.826515715625 0.09701562500000001 0.796949378125 0.1037610671875 0.7695116953125 0.112614909375 0.74041849375 0.12357649687500001 0.7174749640625 0.13285156250000002 0.6924025953124999 0.147607421875 0.6733960156250001 0.16124837187500002 0.671824378125 0.1665794265625 0.6798664109375 0.16320670625 0.699025584375 0.148028971875
3 0.72244206875 0.195248046875 0.7427838078125 0.1855514328125 0.774478984375 0.1796490890625 0.8075932015625 0.17037402343750002 0.83621345 0.16320670625 0.86412426875 0.1585690109375 0.8988941890625 0.159412434375 0.93626608125 0.16320670625 0.956607821875 0.1665794265625 0.9521136703125 0.1560393875 0.931535453125 0.1547747390625 0.89085215625 0.15140201874999998 0.8608126828125 0.15055859375 0.8250964906249999 0.1551962890625 0.7938744515625 0.16320670625 0.7598139625 0.17332519531249999 0.7186438234375 0.18210905 0.6909833703125 0.194826496875 0.6945314328125 0.20410188749999997 0.72244206875 0.195248046875
3 0.6828320546875 0.2091005859375 0.6816494890625 0.20066862031250002 0.6686403515625 0.204884765625 0.6393104890625 0.22765104218749999 0.6324510234375 0.23987760468750002 0.6111631937500001 0.258427734375 0.6123459437500001 0.26812467500000003 0.6359990859375 0.24367187499999998 0.6828320546875 0.2091005859375
3 0.78820888125 0.147564128125 0.818721490625 0.1425052078125 0.8426111109375001 0.1378675125 0.8863693343750001 0.1391321609375 0.8922827124999999 0.13280826875 0.879036915625 0.1302786453125 0.8402457968749999 0.1332298171875 0.795304825 0.1395540359375 0.7564391453125 0.1512923171875 0.754148575 0.1572610671875 0.7612445171875 0.15515299531249999 0.78820888125 0.147564128125
3 0.650273209375 0.8262919921874999 0.6494868421875 0.8112236328125 0.6492902046875 0.794052409375 0.6487004749999999 0.783189128125 0.6463411921875 0.7800351562500001 0.6461447375 0.797556640625 0.6463411921875 0.818232096875 0.6485038375000001 0.8329501953125 0.650273209375 0.8262919921874999
3 0.6005328953125 0.6589716796875 0.6026953578125 0.6607236328125 0.6019089906249999 0.6477578125 0.601122625 0.625330403125 0.599549890625 0.6071080734375001 0.5983702484375 0.5937916671875 0.59738724375 0.579424153125 0.595421053125 0.5748684890625 0.5946761703125001 0.5785423171875 0.59660069375 0.610962890625 0.5979769734375 0.629185221875 0.599353253125 0.6463561203125 0.6005328953125 0.6589716796875
3 0.6207828953125001 0.591689128125 0.622552265625 0.58748405 0.622355628125 0.5797744140625001 0.6190135234375 0.5601503906249999 0.6178338812499999 0.5538427734375 0.6148084796875 0.548986653125 0.6156712359375 0.5587486984375001 0.61803051875 0.5731162109375 0.619603253125 0.5846806640625 0.6207828953125001 0.591689128125
3 0.5930619515625 0.6551168625 0.59719060625 0.7206471359375 0.599549890625 0.7174934890625 0.5997463453125 0.6866555984375 0.59679733125 0.6582708328125 0.59660069375 0.630937175 0.5944380484375 0.6158688156250001 0.5901129390625 0.5647060546875 0.5901129390625 0.580125 0.59109594375 0.603603840625 0.5924720390625 0.6316380203125 0.5930619515625 0.6551168625
3 0.60702065 0.697869140625 0.6080036546875001 0.7080315749999999 0.609576571875 0.706279621875 0.6083969296875 0.6856041671875001 0.6085935671875 0.6554674484375 0.6083969296875 0.6428518875 0.6068241953125 0.628484375 0.6044104531250001 0.619525715625 0.6044649125 0.6340911453125 0.6054479171875 0.656869140625 0.6060376468750001 0.675091471875 0.60702065 0.697869140625
3 0.6105107828125 0.962708984375 0.6101175078125001 0.9423841140624999 0.6112971484374999 0.933623371875 0.6114937859375 0.9245123703125 0.6083481359375 0.8999820968750001 0.6055166296875 0.8796136062500001 0.6046125734375 0.9455380859375 0.6050058484374999 0.992846028125 0.608741228125 0.991794596875 0.6105107828125 0.962708984375