3 0.7454110015625 0.23909505156250002 0.7569850140625001 0.2686119796875 0.7658179828125 0.31118977812500004 0.7719095390625 0.3418349609375 0.7822653515625 0.355123371875 0.7909459062499999 0.34075 0.7802854531250001 0.295189128125 0.766274853125 0.2387805984375 0.75652814375 0.19945735625 0.7448019 0.1623033859375 0.739014803125 0.143048503125 0.729725146875 0.136447590625 0.7329232453125 0.16826985625 0.73855793125 0.188609375 0.737491959375 0.207998046875 0.7454110015625 0.23909505156250002
3 0.7116533265625 0.17938867187500002 0.70921655625 0.16854101562499998 0.7060946640625 0.1600478515625 0.705866228125 0.1707106125 0.708150584375 0.1823717453125 0.711957784375 0.188609375 0.7116533265625 0.17938867187500002
3 0.6982618781250001 0.13315266875 0.6963938234375 0.12432975312500001 0.694525584375 0.12158170625 0.6920889984375 0.12288346406249999 0.6931449203125 0.129970703125 0.6944444437499999 0.140239909375 0.6958252921875 0.1467486984375 0.6956628296875 0.15133105468750002 0.7024853796875 0.14949674531249998 0.7033788375000001 0.14573600312499999 0.700860928125 0.1387936203125 0.6982618781250001 0.13315266875
3 0.711947734375 0.2280442703125 0.7130036546875 0.234842121875 0.7146279234375 0.2439544265625 0.71706469375 0.2475703125 0.7192576749999999 0.245111328125 0.7179581500000001 0.23860286406250003 0.716008771875 0.22847819062500002 0.7130847953125 0.21882226562499998 0.710810671875 0.2190768234375 0.711379203125 0.223415690625 0.711947734375 0.2280442703125
3 0.798286184375 0.5559361984375 0.7939815421875001 0.536265625 0.7891081875 0.5152929687500001 0.7826103796874999 0.512255534375 0.7783057390625 0.5054576828124999 0.77456944375 0.48752278593750004 0.772538925 0.4760963546875 0.7714018640625 0.46944303437499996 0.767990496875 0.47363737031250003 0.7688839546875 0.48419596406250004 0.7740822374999999 0.507627278125 0.7797677265625 0.53076920625 0.785453215625 0.5510706375 0.7908951015625 0.554923828125 0.7928442984374999 0.5640358078125 0.7963369890625 0.566205403125 0.798286184375 0.5559361984375
3 0.7673813968750001 0.4253678390625 0.7648634875 0.416978840625 0.759015534375 0.4149541015625 0.7549544953125 0.40670963593750004 0.75056853125 0.40077962187500005 0.7487004749999999 0.4025153 0.7528428359375 0.42102897187500005 0.7568225515625 0.437083659375 0.761452303125 0.4522705078125 0.7640513515625 0.45776692656250006 0.7640513515625 0.4469189453125 0.76169590625 0.4334677734375 0.766081871875 0.4330338546875 0.7673813968750001 0.4253678390625
3 0.80979349375 0.47402636718749996 0.8109248906250001 0.46728515625 0.8090974046875001 0.455275065625 0.8073134140624999 0.44613183593750005 0.8058340640624999 0.43652376249999997 0.80374543125 0.43412174531250003 0.7997860015625 0.4364462890625 0.798959246875 0.43846093750000004 0.8006560671875 0.4515559890625 0.8030493421875 0.46658789062499995 0.8063126828125 0.474568684375 0.80979349375 0.47402636718749996
3 0.7480941156250001 0.370802734375 0.7460491593749999 0.3640618484375 0.7444828218749999 0.3601875 0.7426553359375 0.3622021484375 0.7417850875 0.36584374999999997 0.742611659375 0.3728173828125 0.7440476968749999 0.3781637375 0.7463538015625 0.38475000000000004 0.7483552625 0.391181315625 0.7495736484375 0.39466796875 0.7525758406249999 0.3889342453125 0.7526193343750001 0.38242545625 0.7497041296875 0.3775439453125 0.7480941156250001 0.370802734375
3 0.7276438234375 0.24508528593749998 0.7271361484375001 0.2298984375 0.7250040203125 0.21905045625000003 0.7257147296875 0.21073372343750002 0.7258163375 0.202778971875 0.72388724375 0.1944622390625 0.718658625 0.1905201828125 0.71992763125 0.20784114531250003 0.7217551171875 0.2412887375 0.7259177625000001 0.249062825 0.7276438234375 0.24508528593749998
3 0.758000365625 0.34951855468750004 0.755969846875 0.3390322265625 0.7523148749999999 0.3294501953125 0.75028435625 0.32420703125 0.7495736484375 0.3323427734375 0.7531270109375 0.34608333281250003 0.755969846875 0.358919921875 0.7581017906249999 0.35855826875 0.758000365625 0.34951855468750004
3 0.6256091015624999 0.46265266875 0.6357618781250001 0.47838216093749997 0.640228984375 0.478201496875 0.6459144734375 0.4839869796875 0.6504831875 0.478743815625 0.6504831875 0.47368131562500004 0.6287565796875 0.4424036453125 0.6176900578125 0.42323893281249997 0.609364765625 0.411306315625 0.6034762421875 0.3981083984375 0.602359465625 0.40262825468749996 0.6071820171875 0.4167571609375 0.6114968937499999 0.4248662109375 0.6148472218750001 0.44095703124999996 0.6198221859374999 0.4490930984375 0.6256091015624999 0.46265266875
3 0.7011217109375 0.55507454375 0.698263340625 0.5505686843750001 0.6964358546875 0.54673014375 0.694936403125 0.5460625 0.6936712359375 0.5483157546874999 0.6947958703125 0.55255078125 0.697091921875 0.5609993484375 0.6994817249999999 0.561750325 0.70093439375 0.55899641875 0.7011217109375 0.55507454375
3 0.7264254390625 0.58177701875 0.72708150625 0.5791067703125 0.7251602703125 0.572931965625 0.72356706875 0.56867610625 0.720568165625 0.565338215625 0.7168194437500001 0.5652548828125 0.713726790625 0.5671741531250001 0.7188344296875 0.5756855468750001 0.7220206499999999 0.5806920578125 0.724691703125 0.583779621875 0.7264254390625 0.58177701875
3 0.80371875 0.43103971406249997 0.8041403515625 0.4246979171875 0.8033907156250001 0.4198580734375 0.8025471484375 0.413599934375 0.8014694812500001 0.41084602812500004 0.7995482453125 0.410595703125 0.7988453953125 0.41284863281249995 0.7967368421875001 0.41401692656250005 0.79472185625 0.4138502609375 0.79462810625 0.4176884765625 0.79481560625 0.4219443359375 0.798470578125 0.4231959640625 0.801235196875 0.42820247343749995 0.80245358125 0.4315403640625 0.80371875 0.43103971406249997
3 0.70093439375 0.53917545625 0.697185671875 0.5340852859375 0.6948428359375 0.530580403125 0.6940930187500001 0.534001953125 0.6950771203125 0.5399264328125 0.698591375 0.544849609375 0.702059028125 0.5461012375000001 0.7026213453125 0.5423463546875 0.70093439375 0.53917545625
3 0.3311759875 0.4608307296875 0.31112043125 0.444642578125 0.3029671046875 0.443140625 0.3133229171875 0.4619990234375 0.3450489765625 0.5109091796875 0.4199261703125 0.593044596875 0.4547421421875 0.6320970046875 0.49204148437499995 0.6614694015625 0.50520888125 0.66188671875 0.5039437140625 0.6487024734375 0.5026315796875 0.6355182296875 0.494993603125 0.6297604171875 0.477843384375 0.613822590625 0.41547185625000005 0.5464720046875 0.391527046875 0.5220227859375 0.369409721875 0.50383170625 0.35704185 0.4897861328125 0.3448587359375 0.4746826171875 0.3311759875 0.4608307296875
3 0.627483553125 0.7406510421875 0.642572003125 0.7545029296875 0.6493196265625001 0.7605107421875 0.6543802999999999 0.7630143234375 0.6521312140625 0.7548365890625 0.6446337718749999 0.7388151046875 0.6371363296875 0.729302409375 0.6286081875 0.7154505203125 0.6209232453125 0.703935221875 0.6128636703125 0.6955908203125001 0.6036792765625 0.68724641875 0.594495065625 0.6832408859375 0.5884970765624999 0.67756673125 0.5876536921875 0.6819059249999999 0.5912149125 0.6892490234374999 0.5915899125 0.6949231765625 0.5914961625 0.7041022140625001 0.60011805625 0.710611003125 0.6108019 0.7224599609375 0.61970504375 0.7318056640624999 0.627483553125 0.7406510421875
3 0.5557898390625 0.628892578125 0.5446374265625 0.6172102859375 0.5391081875 0.6148740234375001 0.537983553125 0.624052734375 0.54107620625 0.6338994140625 0.551385234375 0.6464160156250001 0.56300603125 0.6574306640625001 0.5720966734374999 0.6686123046875 0.5790317984375 0.6716162109375 0.5920584796874999 0.6726175125 0.5807185671874999 0.6550944015625 0.5691913375000001 0.64191015625 0.5606631937500001 0.6327311203125 0.5557898390625 0.628892578125
3 0.5764077125 0.724353515625 0.5848421046875 0.7338662109375 0.5938389984375 0.7390397140625 0.601055190625 0.7402080078125 0.6004928734375 0.732530925 0.5967443343750001 0.724353515625 0.5898092109374999 0.7160091140625 0.58231176875 0.7100009765624999 0.5754703953125 0.707998371875 0.5654428 0.7096673171875 0.56534905 0.709833984375 0.5668485015625 0.7156751296875 0.5764077125 0.724353515625
3 0.6353558109375 0.7859612625 0.6350745609375 0.7928040359375 0.6431343203125001 0.8011484375 0.6551301171875 0.8091591796875001 0.662721125 0.8081578781250001 0.670874634375 0.8144996750000001 0.67837189375 0.8256809890625 0.68708771875 0.835193684375 0.6995520828124999 0.8452073562500001 0.7074243421874999 0.852717121875 0.7114541296875 0.8605611984375001 0.721013340625 0.871575846875 0.7331964546874999 0.8730778000000001 0.7286981 0.8643994140625001 0.7223252921875 0.8583916015625 0.7151091015625 0.8518828125000001 0.70480025625 0.8402005203125 0.6933667765625 0.8293525390625 0.6889619890625001 0.8233447265624999 0.683901315625 0.8113287765624999 0.66984375 0.7958079421875001 0.6534431656249999 0.7811217453125 0.6360116953125 0.7677705078125 0.6318881578125 0.7704407546875001 0.6329190421875001 0.7781175124999999 0.6353558109375 0.7859612625