3 0.3085403875 0.41844140625000004 0.31706871406250003 0.423865234375 0.3396076390625 0.4379674484375 0.3600146203125 0.4504423828125 0.36641081875000003 0.44501855468749996 0.37798483125 0.44990006562499996 0.389559028125 0.45152734375000003 0.40174214218750004 0.4488154296875 0.384076571875 0.44013704374999996 0.36519243437500004 0.4292893875 0.332297696875 0.40922070312500003 0.3106725140625 0.395778971875 0.3045809578125 0.4048815109375 0.2908748171875 0.4005423171875 0.3085403875 0.41844140625000004
3 0.44604185 0.4553951828125 0.440288559375 0.45153841093749997 0.4329110015625 0.4461142578125 0.42553344375 0.44261881562500005 0.41862956875 0.43984667968749996 0.411658078125 0.4352666015625 0.410168859375 0.4371949875 0.4144331140625 0.44153417968750003 0.421540021875 0.447681315625 0.42742854531249996 0.45144921875 0.43643055625000005 0.4553951828125 0.44319901249999993 0.45973437500000003 0.44671856718749997 0.46045768281250005 0.44604185 0.4553951828125
3 0.5247929453125 0.5348388671875 0.5299369515625 0.5386959640625 0.5367730265625 0.539178059375 0.5381944437499999 0.53797265625 0.537720578125 0.53291048125 0.5298691515625 0.528330403125 0.5253344296875 0.524955403125 0.5207995249999999 0.5206162109375 0.5160615859375 0.5185673828125 0.5131511328125 0.5147102859375 0.5096315796875001 0.51121484375 0.5059088078125 0.5122994796875 0.500088084375 0.51121484375 0.4948086625 0.509045246875 0.49162737500000003 0.5089248046875 0.4896644734375 0.512420246875 0.48932620625 0.5194108078124999 0.4948086625 0.5223037109375 0.5019831875 0.5266429031250001 0.506247259375 0.522544596875 0.5134895828125 0.5265221359375001 0.5200550078124999 0.531343425 0.5247929453125 0.5348388671875
3 0.590717653125 0.5884397781249999 0.5994490124999999 0.593984375 0.6018857828125 0.60061360625 0.6081127562499999 0.605193684375 0.615422696875 0.6076041671875 0.6129183109375 0.6117024734375 0.6105493421875 0.6173671875 0.6152196640625001 0.6184521484375 0.6210403875 0.6200188796874999 0.6286211625 0.62315266875 0.6327498171875 0.6264072265625 0.6376907890625 0.6272509765625001 0.6440531796875 0.629541015625 0.6489941515625001 0.6241171875 0.6496034359375 0.615318359375 0.64601608125 0.6135104171875 0.638706140625 0.609532878125 0.6309223312500001 0.60567578125 0.6196867687500001 0.5988053390625 0.6130537281249999 0.5904889328125 0.5969448093749999 0.5833776046875 0.5794144734375 0.57713639375 0.5778576390625 0.57891796875 0.5790760234375 0.5816901046875 0.590717653125 0.5884397781249999
3 0.432674159375 0.492771159375 0.4351783625 0.49072200468749994 0.439510234375 0.49445865937500005 0.44438358906250003 0.49457910156249996 0.4509490125 0.49373535156250004 0.4502044953125 0.48939615937500003 0.4439773390625 0.4862623703125 0.435787646875 0.48421354218749996 0.43233570937500004 0.48445442656250004 0.4304404234375 0.4898782546875 0.432674159375 0.492771159375
3 0.1754724046875 0.34050260468750004 0.168703946875 0.3362838546875 0.16254459062499999 0.33363216093750003 0.1581451015625 0.3312216796875 0.15421948125 0.328931640625 0.14372825312499998 0.3236282546875 0.131409721875 0.31916862031250004 0.13608004375 0.3236282546875 0.1414947 0.328931640625 0.1551670328125 0.3376097 0.1674179453125 0.3446005859375 0.177299890625 0.348578125 0.182850146875 0.34906022187499997 0.18115789531249998 0.344721028125 0.1754724046875 0.34050260468750004
3 0.262176534375 0.378228840625 0.2705016453125 0.380880534375 0.28139894062500004 0.38365266875000004 0.2832940421875 0.3797958984375 0.2792330046875 0.37533626249999996 0.27009557812499996 0.3722024734375 0.2478951015625 0.36364453124999996 0.23429038750000003 0.3567744140625 0.22928179843750002 0.355689453125 0.2287403140625 0.3626803390625 0.23259831874999998 0.369912109375 0.23266593593749998 0.3697916671875 0.24410471562499997 0.37798795625000003 0.2532421421875 0.37883170625 0.25994280000000003 0.3806396484375 0.262176534375 0.378228840625
3 0.3832304453125 0.461843425 0.389322003125 0.46521809843749995 0.3952783265625 0.46883398437499996 0.4013698828125 0.4707626953125 0.40529568749999995 0.4729322921875 0.41145504375 0.4766686203125 0.41903563593750004 0.481369465625 0.42553344375 0.48365950468749996 0.42499195937499995 0.4794407546875 0.42269060625000004 0.4778740234375 0.41822350156250004 0.4757044265625 0.41335014687499994 0.4729322921875 0.4078000734375 0.46919563750000004 0.3994071640625 0.46497721406250003 0.391081871875 0.460396809375 0.3843134140625 0.4561783859375 0.37348391875 0.4531650390625 0.3730778515625 0.4553346359375 0.379033990625 0.459673828125 0.3832304453125 0.461843425
3 0.424112025 0.46919563750000004 0.41747880156250006 0.4653385421875 0.4113196265625 0.4624459640625 0.4086122078125 0.46099967499999994 0.40807072343749995 0.4636513671875 0.41037207656249997 0.4671826171875 0.41673428437500004 0.47100358125 0.42438267500000004 0.47486067656250003 0.42641319375000003 0.47353483125 0.424112025 0.46919563750000004
3 0.525445540625 0.5140458984375 0.5225738296875 0.5111012374999999 0.5173523390625 0.508466796875 0.51117379375 0.505212565625 0.5028196265625 0.5005634765625 0.498903509375 0.49885872343750004 0.4948134140625 0.496689128125 0.4954225140625 0.50118326875 0.49916465624999995 0.503704753125 0.5089111843749999 0.5087766921875 0.51665625 0.5123411453125 0.5230089546875 0.5149755859375 0.525445540625 0.5140458984375
3 0.3670504390625 0.46747460937499996 0.3707662640625 0.470078125 0.3738729890625 0.469861003125 0.3740557390625 0.4669322921875 0.37027905625 0.4634609375 0.3663803 0.4606403 0.3594358546875 0.456626628125 0.3481054453125 0.4501181640625 0.3399428 0.4453450515625 0.3345211984375 0.4453450515625 0.3268457609375 0.442416015625 0.3188656796875 0.43796842500000005 0.3117384875 0.4351481125 0.307352521875 0.434388671875 0.3155153515625 0.4403212890625 0.330013340625 0.44849088593750003 0.3440241234375 0.4563014328125 0.3608369890625 0.4637864578125 0.3670504390625 0.46747460937499996
3 0.4255908265625 0.5024186203125 0.4321697734375 0.5056731765625 0.436434028125 0.5068662109375001 0.440149853125 0.5090358078125 0.4444749640625 0.5125071609375 0.44861714218750004 0.51576139375 0.456719115625 0.5194498703125 0.4679884875 0.5238974609375 0.46579550468750003 0.5198837890625 0.46116593593750005 0.515544596875 0.4544042390625 0.5128326828125 0.451906615625 0.5108798828125 0.44776443749999995 0.508385090625 0.4405153515625 0.50437141875 0.4358857828125 0.501333984375 0.4280275953125 0.49775423124999996 0.42102211250000005 0.4946083984375 0.41962116250000003 0.49656087187500003 0.4212048609375 0.498513346875 0.4255908265625 0.5024186203125
3 0.513675621875 0.550099934375 0.519158078125 0.5528118484375 0.5239095390624999 0.5549814453125 0.52957474375 0.5573678390625 0.5365191890625 0.5620325515625 0.5447428734375 0.5649612625 0.5451694078125 0.5615986328125 0.53828581875 0.5563916015625 0.5314022296875 0.5519440109375 0.522264803125 0.5473880203125 0.5109649125 0.5438369140625 0.509046053125 0.5455436203125 0.51014254375 0.5481471359375 0.513675621875 0.550099934375
3 0.46598117656250004 0.5001923828125 0.46293530625 0.49792415312499994 0.45983406406249994 0.496642253125 0.4578404609375 0.49782552031250005 0.45950182812499996 0.5031510421875 0.46431980937499995 0.506701171875 0.46786403437499996 0.5068984375000001 0.467697734375 0.502657878125 0.46598117656250004 0.5001923828125
3 0.48840935625000004 0.4997978515625 0.4843667765625 0.496247721875 0.479382675 0.49486718749999997 0.47650292343749995 0.494078125 0.47445394687500003 0.4887529296875 0.4707989765625 0.48737239531250004 0.4690822375 0.4920071609375 0.4690268640625 0.49812141875 0.47140807812499996 0.5011787109375 0.479382675 0.50413704375 0.48309301875 0.5030524093750001 0.4869141078125 0.5019674484375 0.48840935625000004 0.4997978515625
3 0.91483918125 0.790674153125 0.9321394375000001 0.8054274093749999 0.941398575 0.805861328125 0.9411549703125001 0.7945794265624999 0.933601425 0.77722298125 0.909722221875 0.7598665359375001 0.8904727703124999 0.7616022140625 0.8756091015624999 0.7511881515625001 0.8646441890625001 0.7412083328125 0.8427143640624999 0.7294925125 0.8195663375000001 0.7234176437500001 0.7947125359375 0.710834309375 0.772538925 0.704759440625 0.7528020828125 0.7017220046875 0.733065240625 0.6986845703125 0.7291666671875 0.7064951171875 0.7435429453125 0.71864485625 0.7710769375 0.7325299484375 0.7876461984375001 0.748150715625 0.8183479531250001 0.7606337890625 0.846856725 0.7707141921875 0.878533078125 0.7872028 0.8899853796875 0.7828639328125 0.91483918125 0.790674153125
3 0.6237262421875001 0.726228190625 0.619739034375 0.7321451828125001 0.630260965625 0.738653971875 0.6427764984375 0.7425986328125 0.651193896875 0.745162434375 0.6604974421875001 0.749501628125 0.665370796875 0.7548268234375 0.6713516078125 0.757193684375 0.67400986875 0.7534462890625 0.6626019734375 0.7410205078125001 0.6489788015625 0.7364843750000001 0.6372386703124999 0.7317506515625001 0.6237262421875001 0.726228190625
3 0.183468384375 0.3766673171875 0.19000310625 0.3810065109375 0.19387956875 0.3808092453125 0.19421180625 0.37449772187499997 0.1943225515625 0.3685807296875 0.18856323125000002 0.363650065625 0.183468384375 0.3642418625 0.1792596859375 0.36739746093750003 0.16862701093750002 0.365865559375 0.1733896203125 0.3697643234375 0.1783737203125 0.3731171875 0.183468384375 0.3766673171875