3 0.35744736875 0.3785123703125 0.2922437859375 0.3709925125 0.28942909375000003 0.376841471875 0.31241465625 0.3835260421875 0.3532255109375 0.3835260421875 0.35744736875 0.3785123703125
3 0.3490036546875 0.39271712187499996 0.3152291671875 0.3902106125 0.30678563593749997 0.39271712187499996 0.33586915156249997 0.4002373046875 0.35134923281249997 0.4002373046875 0.3490036546875 0.39271712187499996
3 0.469560125 0.375170246875 0.4634619890625 0.37015690156250003 0.3987273390625 0.36180110625 0.35885471562500004 0.358458984375 0.348534721875 0.3601298828125 0.3902838078125 0.36514355468750004 0.4142074203125 0.3734990234375 0.468152778125 0.38018359375 0.469560125 0.375170246875
3 0.419836440625 0.3902106125 0.3640146203125 0.3835260421875 0.3593238296875 0.3860325515625 0.3841854890625 0.39271712187499996 0.42077467031250004 0.3960595703125 0.419836440625 0.3902106125
3 0.24252010156249998 0.384361328125 0.2382982453125 0.3868681640625 0.26597459843750004 0.39271712187499996 0.26597459843750004 0.3868681640625 0.24252010156249998 0.384361328125
3 0.1726255484375 0.3785123703125 0.161836440625 0.3785123703125 0.1552691890625 0.3860325515625 0.1866982828125 0.3902106125 0.1909201390625 0.3835260421875 0.1866982828125 0.38101920625 0.1726255484375 0.3785123703125
3 0.24252010156249998 0.3509388015625 0.2078073828125 0.350103190625 0.2049928734375 0.3559521484375 0.22281816562499998 0.3601298828125 0.24252010156249998 0.3567877609375 0.24252010156249998 0.3509388015625
3 0.5328874265625 0.429482096875 0.566661915625 0.4344954421875 0.60465844375 0.4445224609375 0.6135710890625 0.44285123750000005 0.690971125 0.4662470703125 0.705982090625 0.4712607421875 0.7585202843750001 0.48546516874999995 0.8035529968749999 0.4929853515625 0.8012076015625 0.48295865937500004 0.70973483125 0.4587272140625 0.671269371875 0.45037141875 0.6276438234375 0.43700227812500003 0.5999674703125 0.4236331375 0.5478983921875 0.420291015625 0.525851059375 0.420291015625 0.4962982453125 0.41026399687500004 0.4278110375 0.4010729171875 0.424996528125 0.40775748749999996 0.43578563593749997 0.41527766875000005 0.487854715625 0.42196191406250005 0.5328874265625 0.429482096875
3 0.523505665625 0.38018359375 0.4812874640625 0.3743346359375 0.47800383750000003 0.3776770828125 0.504741959375 0.3868681640625 0.526789290625 0.3868681640625 0.523505665625 0.38018359375
3 0.6163856 0.393552734375 0.5812037640625001 0.3868681640625 0.5427383046875 0.38101920625 0.53664016875 0.3860325515625 0.6121637421874999 0.4044150390625 0.619669225 0.4002373046875 0.6163856 0.393552734375
3 0.7467929453125 0.4445224609375 0.8068366234375001 0.454549153125 0.8593748171875 0.46374055937499997 0.8621893281249999 0.45789160156250003 0.800269371875 0.4411800125 0.740694809375 0.42781119843750004 0.6848729890625 0.411099609375 0.623421965625 0.39522395781249997 0.63514930625 0.40775748749999996 0.6801820171874999 0.420291015625 0.7467929453125 0.4445224609375
3 0.73365844375 0.46290494843749996 0.7974548609375 0.4771097 0.8438947375 0.490478515625 0.880014803125 0.49465657500000004 0.8842366593750001 0.490478515625 0.8373274859375 0.4771097 0.7974548609375 0.4670826828125 0.7294365859374999 0.45204264375000003 0.6618874265625 0.43282454374999996 0.6407783265625 0.42530436250000003 0.6281129390625 0.428646484375 0.6328039109375 0.4344954421875 0.6768983921875 0.44786458281249997 0.73365844375 0.46290494843749996
3 0.58824013125 0.4587272140625 0.6121637421874999 0.4670826828125 0.6407783265625 0.472096028125 0.6229528515625 0.45789160156250003 0.6567275218749999 0.47042512968750005 0.73506560625 0.48880761718750004 0.771185671875 0.4929853515625 0.709265715625 0.473767253125 0.6726765343750001 0.46374055937499997 0.61122569375 0.4495358078125 0.580265715625 0.43950911406250004 0.54930555625 0.4353310546875 0.513185671875 0.429482096875 0.477534721875 0.42530436250000003 0.4634619890625 0.43950911406250004 0.4794110015625 0.4436868484375 0.5310111484375 0.45120703124999995 0.58824013125 0.4587272140625