3 0.49691922499999996 0.4495416671875 0.5558678734375 0.438877278125 0.5835001828124999 0.438877278125 0.6189614406249999 0.43231445312499994 0.6507384875 0.431494140625 0.6613309578125001 0.42903320312500004 0.655804459375 0.42411132812499996 0.62633004375 0.427392578125 0.5973163375 0.43067382812500005 0.573828946875 0.433955078125 0.5250120609375 0.43805696562499996 0.48218201718750003 0.437236653125 0.4282993421875 0.441338215625 0.40250913749999995 0.4503619796875 0.35277119843750004 0.45200260468750003 0.3053358921875 0.4561041671875 0.2717167390625 0.45774479218749997 0.248689875 0.45774479218749997 0.24454513906250003 0.46594824218750003 0.28507236874999997 0.4700498046875 0.36935051093750004 0.4610260421875 0.44626023437500006 0.4561041671875 0.49691922499999996 0.4495416671875
3 0.255597953125 0.49548014374999994 0.28369060625000003 0.4889173171875 0.2763221859375 0.4848157546875 0.2611244515625 0.48727669218749997 0.24132127187500002 0.48809700468750006 0.22336037968750003 0.48809700468750006 0.20908369843750002 0.49137825468749996 0.22382090625 0.49630045625 0.2385581140625 0.49712076875 0.255597953125 0.49548014374999994
3 0.230728984375 0.4749716796875 0.21553125 0.47169042968749997 0.2040177265625 0.47169042968749997 0.192043859375 0.4733310546875 0.1975703578125 0.4831751296875 0.216452303125 0.4798938796875 0.230728984375 0.4749716796875
3 0.26757182031250004 0.51024609375 0.2786248171875 0.50696484375 0.2892171046875 0.50286295625 0.28507236874999997 0.5012223312499999 0.2735588453125 0.5012223312499999 0.2611244515625 0.5012223312499999 0.24638724375 0.5036832687499999 0.23441319374999997 0.50696484375 0.245005665625 0.51188671875 0.2546769 0.51024609375 0.26757182031250004 0.51024609375
3 0.2861504015625 0.5224593093750001 0.2976577125 0.520181965625 0.294333515625 0.5169934890625 0.289219115625 0.5169934890625 0.2759216015625 0.5169934890625 0.2662043125 0.5197265625 0.262879934375 0.5224593093750001 0.2677386703125 0.524281575 0.2748987578125 0.524281575 0.2861504015625 0.5224593093750001
3 0.318626828125 0.48966341093750004 0.3260427625 0.490118815625 0.33422569375 0.490118815625 0.33831725156250003 0.48829687499999996 0.3393400953125 0.48374186249999995 0.3311571640625 0.48510839843750003 0.3209283625 0.48465299531249995 0.3078865125 0.486474934375 0.3022607828125 0.490118815625 0.3066080046875 0.49148535156250006 0.3112108921875 0.4919407546875 0.318626828125 0.48966341093750004
3 0.3349928734375 0.5220039062499999 0.3170924703125 0.523825846875 0.300982090625 0.5251923828125 0.2864060671875 0.52792545625 0.2746430921875 0.528380859375 0.266971490625 0.5356689453125 0.350336075 0.5292919921875 0.3459888515625 0.521548503125 0.3349928734375 0.5220039062499999
3 0.468222953125 0.49330729218749997 0.501210709375 0.48784147187500004 0.5554232453125 0.48283072968749996 0.587388340625 0.48009798124999997 0.6344407890625 0.4769095046875 0.670497259375 0.4700768234375 0.6618028140625001 0.46643294218750003 0.6413452125 0.46734375000000006 0.6203760968750001 0.46779947968749996 0.5976171421875 0.4723544921875 0.5567019375 0.473720703125 0.5418702484375 0.471443359375 0.5278055562499999 0.47280989531250006 0.49993220000000005 0.4787314453125 0.4840774859375 0.48465299531249995 0.4664327484375 0.48693033906250005 0.42602905625 0.48966341093750004 0.38920540937500003 0.4919407546875 0.36619060625 0.49604036406249996 0.37744243437499997 0.5001399734375 0.421681834375 0.4978623046875 0.468222953125 0.49330729218749997
3 0.508882309375 0.4769095046875 0.5134851968749999 0.47189876249999996 0.5122066890625 0.46825488281250005 0.3989228796875 0.4769095046875 0.395342653125 0.48009798124999997 0.395342653125 0.4832864578125 0.4562041296875 0.4810087890625 0.508882309375 0.4769095046875
3 0.651318165625 0.4614222 0.6674285453125 0.458689453125 0.6671728796874999 0.45003483125 0.6595012796875 0.44957942656250005 0.621143275 0.4536787109375 0.6068229171875 0.452312175 0.59531560625 0.45960026093749995 0.5694879390625001 0.4614222 0.5500531796875 0.46506640624999995 0.58764400625 0.46688834687499997 0.6070787640625 0.46688834687499997 0.651318165625 0.4614222
3 0.5697436031249999 0.44183593749999994 0.5643735375000001 0.44502441406250004 0.5996628296875001 0.44502441406250004 0.59889565 0.43955826875000004 0.5697436031249999 0.44183593749999994
3 0.6648713453124999 0.43363671875 0.6472266078125 0.43454785156250003 0.6188417390625001 0.43728092500000004 0.6144945171875 0.43955826875000004 0.6298377187499999 0.44183593749999994 0.6628256578125 0.437736328125 0.6648713453124999 0.43363671875
3 0.593075475 0.5065169265625 0.6357807015625 0.5015065109375 0.6370592109375 0.4955849609375 0.5738812140625 0.49695149687500006 0.5733697 0.494218425 0.714015534375 0.477364909375 0.71836275625 0.47098795625 0.6779590640625 0.475998371875 0.6060557390625 0.48465299531249995 0.3802553 0.50697233125 0.36644645468750003 0.5179042968750001 0.3574961625 0.5197265625 0.355706140625 0.530658528125 0.5148252921875 0.5119830734375 0.55906469375 0.505150390625 0.593075475 0.5065169265625
3 0.37130500781250003 0.4769095046875 0.3700264984375 0.471443359375 0.3395957609375 0.47280989531250006 0.3347372078125 0.475998371875 0.337038559375 0.4791868484375 0.3684921421875 0.4778203125 0.37130500781250003 0.4769095046875
3 0.1513861484375 0.5397685546875 0.149340278125 0.5356689453125 0.13450858906250002 0.5338470046875 0.1283713453125 0.5379466140625 0.1332300796875 0.5420458984375001 0.1439702125 0.5420458984375001 0.1513861484375 0.5397685546875
3 0.09794060624999999 0.5188154296875 0.10816940781249999 0.51517155 0.10842525624999999 0.5101608078125001 0.0764601609375 0.50697233125 0.0736472953125 0.509705403125 0.0790173609375 0.5128938796875 0.088990496875 0.5147158203125 0.09794060624999999 0.5188154296875
3 0.186163925 0.511071940625 0.1646834796875 0.5087942703125 0.1593134140625 0.5106165359375 0.160591921875 0.5128938796875 0.1848854171875 0.5138050125 0.186163925 0.511071940625
3 0.17465661562499998 0.51517155 0.1641721484375 0.520181965625 0.184373903125 0.5206373703125 0.186931103125 0.5192708328125 0.18514108125 0.5165377609374999 0.17465661562499998 0.51517155