3 0.502693896875 0.4185572921875 0.50418293125 0.43494954375 0.5071610015625 0.45664518281250005 0.506754934375 0.4691803390625 0.5101392546875 0.48533137968749995 0.513387975 0.4875009765625 0.5142002921875 0.48195670625 0.5129819078125 0.4686982421875 0.5108159718749999 0.451341796875 0.5095977703125001 0.4301282546875 0.507431834375 0.41325390625 0.506754934375 0.39493294218749997 0.5035060312499999 0.3867369796875 0.49849744218750003 0.3860436203125 0.4991743421875 0.393486653125 0.5003925437500001 0.404093425 0.502693896875 0.4185572921875
3 0.49788815781249995 0.3801848953125 0.501949378125 0.38380078125 0.5034384140625 0.375845703125 0.502626096875 0.3454720046875 0.498158990625 0.3317314453125 0.49802357500000005 0.31678548125 0.497482090625 0.299187825 0.49585763906249997 0.28496516875 0.4919320171875 0.27701009062500004 0.48753252968750005 0.27681315156249997 0.49084905 0.30183951875 0.49260891874999996 0.326428059375 0.49666995625 0.3647568359375 0.49788815781249995 0.3801848953125
3 0.496060671875 0.275775065625 0.49633150625000005 0.2695074875 0.49430098750000007 0.24925813749999998 0.4924057015625 0.2181611328125 0.4880740125 0.18465332031249998 0.48428362500000005 0.1834479171875 0.4800871703125 0.184412434375 0.47507858125 0.1880283203125 0.47426626406250005 0.1940546875 0.4748077484375 0.20875976562499998 0.4792750359375 0.24323177031249998 0.48590807812500003 0.2613111984375 0.4924057015625 0.27191796875 0.496060671875 0.275775065625
3 0.46966374218749996 0.0979658203125 0.4643843203125 0.09989420624999999 0.46722715625 0.1179739578125 0.470069809375 0.14183919218750002 0.4721003296875 0.15606184843749998 0.47507858125 0.16160644531249999 0.4869910453125 0.1637760421875 0.4844190421875 0.1355716140625 0.48157620625 0.101099609375 0.46966374218749996 0.0979658203125
3 0.4679716734375 0.51689420625 0.47094974375 0.5277418625 0.47298026249999997 0.5260543625 0.4731156796875 0.5149654953125 0.47135581093749995 0.487966471875 0.469596125 0.4735029296875 0.468242325 0.45542317656250003 0.46810709062500006 0.44385221406250003 0.466347221875 0.43854882812499996 0.46621180625 0.4257724609375 0.46445212031249994 0.41130859375 0.462286184375 0.3961217453125 0.4610678 0.3838274734375 0.45890186406250005 0.3722565109375 0.45714217812499996 0.369122721875 0.45673592812499997 0.37442610625 0.45646527812500004 0.37519303437499996 0.45998483125 0.409138996875 0.46323373593749995 0.4412005203125 0.46567032187499996 0.472056315625 0.4679716734375 0.51689420625
3 0.5057395828125 0.5639013671875001 0.5034384140625 0.5547408859375 0.501949378125 0.5501608078125 0.501543128125 0.555705078125 0.502626096875 0.57209733125 0.50560435 0.5889720046875 0.507364034375 0.5863199875 0.5069579671875 0.5725794265624999 0.5057395828125 0.5639013671875001
3 0.4869232453125 0.5896949874999999 0.485163559375 0.5827041015625001 0.48435124218750003 0.574990234375 0.482456140625 0.569928059375 0.48123775625 0.5713743484375 0.48137317187499995 0.5829453124999999 0.4808316890625 0.5913824875 0.48137317187499995 0.6031946609375 0.4852989765625 0.6128369140625 0.486517178125 0.6065693359375001 0.4871940796875 0.5990963546875 0.4869232453125 0.5896949874999999
3 0.46133845000000007 0.5865611984375 0.4649934203125 0.5870432937500001 0.47013760937500004 0.582463215625 0.47013760937500004 0.57378483125 0.46905464218750004 0.5576337890625 0.46756560625 0.5446162109375 0.46072935 0.5390384109374999 0.45849579687500003 0.54533951875 0.4594433484375 0.5617317703125 0.46133845000000007 0.5865611984375
3 0.44847843593750003 0.3474270828125 0.44780153437500003 0.3358561203125 0.4440113296875 0.3216331375 0.44076242656250003 0.320428059375 0.43995010937499995 0.33079362031250004 0.44238687812500005 0.3457395828125 0.4445528140625 0.36936360625 0.44644791718750004 0.40793359375 0.44807236875 0.4291471359375 0.45240423906249994 0.4404772140625 0.453893275 0.43059375 0.453013340625 0.397255859375 0.45132127187500004 0.385755859375 0.4502383046875 0.3720153 0.44847843593750003 0.3474270828125
3 0.4888861484375 0.8303681640624999 0.49199963437500005 0.8718310546874999 0.49633150625000005 0.8923212890625001 0.5040475140625 0.8889466140625 0.49660215625 0.8551979171875 0.5012048609375 0.8400107421874999 0.5002571265625 0.8253059890625 0.49727905625 0.8024049484375 0.4945716375 0.7688974609375 0.49199963437500005 0.74430891875 0.49443640312500003 0.7305683593750001 0.4948424703125 0.7153815109375 0.4924057015625 0.7001943359375 0.48658497812499996 0.6806682937499999 0.4800871703125 0.6649993484375 0.47372478124999995 0.660927734375 0.47751516875 0.707185221875 0.48062865468749993 0.74937109375 0.4849605265625 0.7893876953125 0.4888861484375 0.8303681640624999
3 0.460255665625 0.58723014375 0.46255683437500006 0.61061328125 0.4658057390625 0.6511119796875 0.468377740625 0.664611328125 0.46864839218750004 0.664544596875 0.47338632968749994 0.658825846875 0.4716266453125 0.6238717453125 0.46905464218750004 0.582650065625 0.460255665625 0.58723014375
3 0.5174491953125 0.7159733078125 0.519750365625 0.7063310546875 0.5213748171875 0.6913850906250001 0.5198857828125 0.678126628125 0.5178552625 0.6631806640625 0.51582474375 0.6491988937500001 0.510883771875 0.6464602859374999 0.5109513890625 0.6800550125 0.5101392546875 0.70271484375 0.5125758406250001 0.712357421875 0.5174491953125 0.7159733078125
3 0.51068055625 0.889439128125 0.5136588078125001 0.8807607421875 0.5140648750000001 0.8696718750000001 0.51068055625 0.8429140625 0.5101392546875 0.8318248703125001 0.5039120984375 0.829896484375 0.5045889984375 0.856654621875 0.505671965625 0.873528971875 0.5071610015625 0.886064128125 0.51068055625 0.889439128125
3 0.469731359375 0.2427607421875 0.47298026249999997 0.2516800125 0.47541703281250003 0.2716881515625 0.4777182015625 0.28157161406250003 0.4774475515625 0.26373307343749997 0.47568768281249996 0.24131412812500003 0.4739278140625 0.2263684890625 0.47230336250000005 0.2196184890625 0.46770084062499995 0.21913639375 0.4667532890625 0.2251630859375 0.4667532890625 0.2338411453125 0.469731359375 0.2427607421875