3 0.48184703906250004 0.40299348906250004 0.4251949921875 0.4344521484375 0.41087956875 0.44801171875 0.4343324203125 0.4583173828125 0.4513888890625 0.4583173828125 0.4221491234375 0.4729619140625 0.40935672500000003 0.48543684843749996 0.4227582234375 0.49899641875 0.44529733125000004 0.4881487625 0.46570412968749997 0.47621614531249995 0.47788742656250005 0.47621614531249995 0.5208333328125 0.439333659375 0.5366716015625 0.41492610625 0.5290570171875 0.38184016875000004 0.48184703906250004 0.40299348906250004
3 0.562865496875 0.5277434890625 0.6201266453125001 0.49845410156250003 0.6755604890625 0.47187695312500005 0.677692434375 0.4621139328125 0.6490619515625 0.4707923171875 0.629264071875 0.47350423125 0.6091617328125001 0.48597916718749995 0.5756578953125 0.504962890625 0.5384990859375 0.526658528125 0.5263157890625 0.5429303390625 0.5388035453125 0.5396757812499999 0.562865496875 0.5277434890625
3 0.3694566890625 0.48597916718749995 0.3658017171875 0.494114909375 0.3591008765625 0.5055052078125 0.3505725515625 0.508759765625 0.341435125 0.5201497390625 0.34173976562499997 0.5293704421875 0.3560550078125 0.523404296875 0.3814875734375 0.5088974609375 0.378594115625 0.4892333984375 0.37341611874999997 0.48597916718749995 0.3694566890625 0.48597916718749995
3 0.39248300468749997 0.5828502609374999 0.40466630156249994 0.5606123046875 0.40832127187499995 0.5513916015625 0.4077119890625 0.5334925125 0.40162043125 0.532407878125 0.3903508765625 0.5389166671875001 0.38334557812500003 0.557900390625 0.37298976562499997 0.5568154296875 0.3513645828125 0.5645611984375 0.3474049703125 0.590986003125 0.35836988281250004 0.598037109375 0.39248300468749997 0.5828502609374999
3 0.4585769375 0.5461575515625 0.473075109375 0.53878125 0.5079190421875001 0.5214248046875001 0.5406920687500001 0.5027662765625001 0.5567739406250001 0.488881184375 0.5504385968750001 0.48540983125 0.5311891453124999 0.4971256515625 0.49061896875000005 0.5183873703125 0.4546783625 0.5346588546875 0.4526072734375 0.5400830078125 0.4528508765625 0.5450729171875001 0.4585769375 0.5461575515625
3 0.504385965625 0.5379134109375 0.5198587359375 0.5303199875 0.5296052625 0.5248958328125 0.5408137796875 0.5175195312499999 0.5391081875 0.5094921875 0.52741228125 0.515349934375 0.517421965625 0.519905925 0.505116959375 0.5268486328125 0.488791484375 0.5355266921874999 0.49061896875000005 0.541818684375 0.49415204687500003 0.5446389968750001 0.504385965625 0.5379134109375
3 0.552753471875 0.4231435546875 0.5596979171875 0.42119075468749995 0.5716374265625 0.4122955734375 0.580774853125 0.4051360671875 0.5841862203125 0.39754264375 0.5793128656250001 0.3960237625 0.569931834375 0.40036295624999996 0.5549464546875 0.41012597656249994 0.5515350875 0.41272949218750005 0.5501949921875 0.4175026046875 0.552753471875 0.4231435546875
3 0.165204678125 0.7148736984374999 0.2005360015625 0.698385090625 0.20394736875000002 0.692744140625 0.20163249218749998 0.6779912109375 0.1962719296875 0.6595498046875 0.182383040625 0.6608515625 0.15168128593750002 0.68016048125 0.1338938234375 0.704025715625 0.1149488296875 0.7325302734375 0.1167154609375 0.7402574875 0.1281675796875 0.73309798125 0.165204678125 0.7148736984374999
3 0.1960283265625 0.5857845046875 0.2076023390625 0.5829641921875 0.21893274843750002 0.5734179687500001 0.2210038375 0.56582454375 0.2129629015625 0.5640888671875001 0.2009014984375 0.5725501296875 0.197977521875 0.5747197265625 0.19322605937499998 0.5801435546875 0.1960283265625 0.5857845046875
3 0.204434759375 0.6727841796875 0.209917215625 0.6730009765625 0.2245370984375 0.668661784375 0.2420809578125 0.6591158859374999 0.2630360015625 0.6474000656250001 0.289351790625 0.63394889375 0.3076266453125 0.62158235625 0.3088450296875 0.6161585281249999 0.299585709375 0.6174602859375 0.2720517171875 0.631779296875 0.233674525 0.652607096875 0.2244152046875 0.65607845 0.20662774062499997 0.66605859375 0.204434759375 0.6727841796875
3 0.21016081875 0.5846728515625 0.2013618421875 0.5926279296875 0.2013618421875 0.5998600265625 0.2074533984375 0.6008242187499999 0.2157108921875 0.5960029296875 0.235339546875 0.5851549484375 0.25442653437499996 0.57575358125 0.2733782890625 0.5665930984374999 0.298015534375 0.5533346359375 0.3238709796875 0.5386298828125 0.324277046875 0.5244072265625 0.3141244515625 0.5299518234375 0.287321271875 0.5458619796875 0.2584875734375 0.5585696609374999 0.2389945171875 0.5714143875000001 0.22261476562500002 0.578646484375 0.21016081875 0.5846728515625
3 0.24048355312499997 0.601306315625 0.2506363296875 0.5938333328125001 0.2510423984375 0.5861194656250001 0.246439875 0.5851549484375 0.2343919953125 0.5921458328125 0.22762353750000003 0.5994404296875 0.2253221859375 0.6046809890625 0.22721728749999998 0.6068505859375 0.24048355312499997 0.601306315625
3 0.2990985015625 0.57237858125 0.307897478125 0.5670751953125001 0.31466593593750003 0.5603255203125 0.31520742031250004 0.55478125 0.3125 0.5494778640625 0.30532547499999996 0.55478125 0.2965264984375 0.5591201171875 0.2935482453125 0.56562890625 0.2953081140625 0.57069140625 0.2990985015625 0.57237858125
3 0.2814327484375 0.5383860671875 0.283598684375 0.544171875 0.28820120625 0.541278971875 0.298624634375 0.5342880859375 0.3106725140625 0.5275384109375 0.3215020109375 0.5219938156249999 0.3244802625 0.5178958328125 0.32326187812499996 0.5121103515625001 0.31635800468749997 0.514521159375 0.303091921875 0.5207887375 0.286306103125 0.5292259109375 0.2819742328125 0.5289847 0.281838815625 0.532841796875 0.2814327484375 0.5383860671875
3 0.3422136328125 0.6336061203125001 0.3519601609375 0.6304720046875001 0.37781560625 0.6189010421875001 0.406784721875 0.6041962890625 0.438325840625 0.5880452468749999 0.46621180625 0.5745455734375 0.5051981 0.557912434375 0.51169590625 0.55164453125 0.5072288015625 0.544171875 0.48705866249999996 0.552849934375 0.4380550078125 0.5769563796875 0.3967673609375 0.597205403125 0.3621129390625 0.614562175 0.3538552625 0.6164905593750001 0.342484284375 0.626615234375 0.3422136328125 0.6336061203125001