3 0.44088084843750003 0.41238085937499996 0.4351953578125 0.41455012968749994 0.42971290156249997 0.41888932343749996 0.4270731 0.42431315156249994 0.4206769 0.4268444015625 0.4147883765625 0.42811002656249997 0.40930592031249996 0.42919466093749997 0.40849378593749996 0.4338955078125 0.4146869515625 0.43588444062500004 0.421286184375 0.433353190625 0.4276823828125 0.429556315625 0.4381396203125 0.4272060546875 0.44230226562499997 0.42575976562499995 0.442606725 0.41979329375 0.44088084843750003 0.41238085937499996
3 0.5389559578124999 0.374775065625 0.5283971125 0.373509440625 0.5108329671875 0.3756790359375 0.48839546718750004 0.385622721875 0.4775321640625 0.3890579421875 0.47174506562499996 0.3921315109375 0.47062828906250004 0.39683203125 0.48199926875 0.395928059375 0.49215204687499997 0.39303548125 0.49347185624999995 0.397193684375 0.5002741234375 0.3999055984375 0.5043351609375 0.399001628125 0.5284985375 0.3928544921875 0.540377375 0.3915891921875 0.540580409375 0.38471875 0.5389559578124999 0.374775065625
3 0.43885032968750004 0.47764843749999997 0.45093201718750003 0.46933170625000004 0.45011988281250004 0.45721842500000004 0.45154111874999997 0.4481783859375 0.46250603124999995 0.44582812499999996 0.48413139687499995 0.43859635468749997 0.4958070171875 0.43244921875 0.49814199531250003 0.427025390625 0.48910617656250005 0.42811002656249997 0.4691052625 0.434437825 0.45194736874999997 0.43877701875 0.44321600937500005 0.44799772187500003 0.435804459375 0.4489016921875 0.42148921718750004 0.45396386718750004 0.411844115625 0.462642253125 0.4240274125 0.4807220046875 0.43885032968750004 0.47764843749999997
3 0.2594491953125 0.51579655 0.23173227343749997 0.5239322921875 0.222696271875 0.5335146484375 0.25224067968749997 0.524474609375 0.34239967031249996 0.500971028125 0.3924524859375 0.4886770828125 0.41458534374999995 0.4823489578125 0.40697076093750006 0.469693359375 0.388391446875 0.4751171875 0.3675783984375 0.48144498750000003 0.3371202484375 0.49138899687500004 0.3104186765625 0.49898242187499997 0.30056761718749997 0.5020559890625 0.2866582609375 0.5058525390625 0.2594491953125 0.51579655
3 0.341435125 0.4482744140625 0.352704678125 0.4441158859375 0.3545321640625 0.4403193359375 0.35280628593749996 0.43652246093749997 0.3393031796875 0.4405 0.326206140625 0.4457431640625 0.32498775625 0.451709309375 0.33047021249999997 0.45134798125 0.341435125 0.4482744140625
3 0.3009259875 0.469437825 0.30162883749999997 0.4714404296875 0.3042997078125 0.4708564453125 0.30753307812499997 0.47002180937500004 0.312265715625 0.46902050781250004 0.31474926875000003 0.4707727859375 0.317139071875 0.46851985625000003 0.31774817187500004 0.46518229218749996 0.3174201390625 0.463096028125 0.3162955046875 0.461594075 0.31390570156250003 0.461677409375 0.3087044953125 0.4629290359375 0.304815240625 0.46459798125 0.3011602703125 0.4663502609375 0.3009259875 0.469437825
3 0.28832090625 0.4756126296875 0.291788559375 0.4745279953125 0.295209246875 0.47219140625 0.2953965640625 0.469771484375 0.2937565796875 0.46801920625 0.2861419953125 0.47079492187499994 0.28490021875 0.47402734375 0.2857437859375 0.47586295625 0.28832090625 0.4756126296875
3 0.2863528875 0.467017903125 0.2887894734375 0.46726822968750004 0.2914605265625 0.46584960937500003 0.2957715640625 0.464013996875 0.3002231359375 0.4630126953125 0.30753307812499997 0.46050911406250006 0.3156396203125 0.45750520781250004 0.320231725 0.4555859375 0.3217779609375 0.4524986984375 0.3217779609375 0.44966145781250005 0.319435125 0.44991178437499996 0.3164360375 0.45074609375 0.309407346875 0.453416340625 0.2987235015625 0.457087890625 0.2870089546875 0.4611767578125 0.28410361875 0.46384700468749995 0.28415058437499996 0.46668424531249997 0.2863528875 0.467017903125
3 0.0781836625 0.564967121875 0.085024853125 0.5646334640624999 0.095474415625 0.56162923125 0.107142178125 0.5584583328125 0.12921253593749998 0.5543697921875 0.13628819375 0.55119889375 0.1378346125 0.5468597 0.1369910453125 0.5436888015625 0.1302903875 0.542937825 0.1115 0.5470266921875 0.0960367328125 0.5510319015625 0.089570175 0.5524505203125 0.084228253125 0.5583750000000001 0.0781836625 0.564967121875
3 0.7279014984375001 0.33198014374999996 0.7323530703125 0.33131282500000003 0.7387258765625 0.3287259109375 0.7444426171875 0.326806640625 0.75896875 0.32255110625 0.769793128125 0.3206318359375 0.7719954312499999 0.3177112625 0.7704490125000001 0.315041015625 0.7629985375 0.31670996093750003 0.7523148749999999 0.3187958984375 0.7406471125 0.3212994796875 0.7295884499999999 0.3254716796875 0.726495796875 0.3260556640625 0.7256054453125 0.33131282500000003 0.7279014984375001 0.33198014374999996
3 0.69688103125 0.3974010421875 0.6847447 0.400571940625 0.6841823828125 0.40549511718750003 0.6881186031250001 0.4090830078125 0.6921951749999999 0.40966731718749994 0.7038629390625 0.4071640625 0.7189046046875001 0.4037428390625 0.734930190625 0.39881933593749996 0.74397405 0.3973173828125 0.7446769 0.39064192656249996 0.7422870984375 0.38788834687499996 0.73408680625 0.3880550125 0.7230751093750001 0.3914762375 0.7192326390625 0.3921438796875 0.709860928125 0.394146484375 0.69688103125 0.3974010421875
3 0.751330775 0.4048369140625 0.7672627921874999 0.40133235625 0.7957059578125001 0.394740234375 0.8084046046875001 0.39090169218750004 0.8077485375 0.38681282499999997 0.8039998171875 0.3864791671875 0.796080775 0.3870631515625 0.7866153140625001 0.3884817703125 0.7670752921874999 0.394072590625 0.759812134375 0.3969931640625 0.7522211249999999 0.3990794265625 0.751330775 0.4048369140625
3 0.140751828125 0.6809095046875 0.0681663015625 0.6968196609375 0.0468424703125 0.7078483078125 0.047959246875 0.7384026687499999 0.058010417187499996 0.7391259765625 0.178116959375 0.7074866531249999 0.2693896203125 0.6922994796874999 0.45437481718750006 0.646919596875 0.54929641875 0.6192578125 0.5500071265625001 0.59701985625 0.5493980265625 0.573696940625 0.5255391078125 0.577312825 0.4294945171875 0.5993701171875 0.409792215625 0.604251628125 0.37618676875 0.6141953124999999 0.320956140625 0.6319134109375 0.28278198125 0.6357102859375 0.140751828125 0.6809095046875
3 0.22542836249999998 0.61094108125 0.110601425 0.6510778 0.0914128296875 0.655959309375 0.0951694078125 0.6767509765625 0.111819809375 0.6796438796875 0.20837189375 0.6537900390625 0.2839078953125 0.63390234375 0.5206748906249999 0.5722506515625 0.545641446875 0.5659225265625001 0.538128471875 0.517107421875 0.4758923609375 0.5330175781250001 0.3270570171875 0.5764088546874999 0.22542836249999998 0.61094108125
3 0.5500222953125 0.5420361328125 0.55936275625 0.54818326875 0.5693125 0.55903125 0.5883994890625 0.557403971875 0.6323607453125 0.54691764375 0.690941703125 0.5261263015625001 0.73906560625 0.5071425781250001 0.759777046875 0.4812884109375 0.7519594296875 0.47767252656250003 0.73510599375 0.47875748749999997 0.710028875 0.48454296875 0.6806875 0.488701171875 0.6171315796875 0.498825846875 0.5503269375000001 0.5145550125 0.5457582234375 0.5178095703125 0.5463673250000001 0.5284765625000001 0.5500222953125 0.5420361328125
3 0.6168779234375 0.432125325 0.620735928125 0.434294921875 0.633731359375 0.43140201874999995 0.6430718203125 0.425978190625 0.6473358921875 0.41802311249999996 0.6621588078125 0.41006803437499995 0.6601282890625 0.40319791718750003 0.6518031796875 0.40319791718750003 0.627639803125 0.4093450515625 0.62398483125 0.41368391875 0.6211419953124999 0.42127734375000003 0.6168779234375 0.432125325