3 0.378618603125 0.509587890625 0.391727521875 0.5047805984375 0.39018530625 0.4999733078125 0.3836308484375 0.49928645781250003 0.3643528875 0.4999733078125 0.34546052656250004 0.49653938750000004 0.32541155 0.49653938750000004 0.3076758046875 0.4937923171875 0.29109685625 0.491045246875 0.271818896875 0.491045246875 0.255239765625 0.4882978515625 0.2533119515625 0.4917317703125 0.25716757968750004 0.4972259109375 0.2945668859375 0.49791276093750003 0.315772478125 0.50065983125 0.3404482828125 0.5047805984375 0.378618603125 0.509587890625
3 0.32541155 0.491045246875 0.3288815796875 0.48555078125 0.3223271203125 0.48280371093749996 0.31307364843749996 0.48074348906250003 0.29996454687499996 0.480056640625 0.27798775625 0.47799641875 0.252926534375 0.47593587187499997 0.24058863281249998 0.4731888015625 0.216298428125 0.4738756515625 0.2143706140625 0.47936979218750003 0.24328746406250001 0.4821168625 0.271433296875 0.484177409375 0.30150694375 0.487611328125 0.32541155 0.491045246875
3 0.263074378125 0.436587890625 0.3117821640625 0.442619140625 0.310479715625 0.438443684375 0.29901918906249997 0.43751562499999996 0.27844206875 0.43473177031250004 0.268023209375 0.4328759765625 0.265158078125 0.4291643875 0.2534369515625 0.4291643875 0.23572496406250001 0.428236328125 0.22009685625 0.4259166671875 0.2036873171875 0.4231328125 0.1904033265625 0.4226689453125 0.17920303437500001 0.4226689453125 0.1750356359375 0.42684472656250005 0.17737975156250002 0.43055631562499996 0.19457072343749998 0.43194824218749994 0.22035727343749997 0.43380403593750005 0.2378086625 0.43473177031250004 0.263074378125 0.436587890625
3 0.224524853125 0.41988509062499996 0.249269371875 0.42359667968750003 0.26828362499999997 0.4259166671875 0.266981359375 0.4194212234375 0.253176534375 0.41663737031250003 0.23754824531250002 0.41524544218750004 0.221659721875 0.41385351562499995 0.2044685671875 0.4124619140625 0.1838916296875 0.4115338546875 0.1680029234375 0.409678059375 0.15680263125 0.40735807343749997 0.14403965624999998 0.4064303390625 0.13830939375 0.405502278125 0.13648611093750002 0.4092141921875 0.1534166671875 0.41292578124999996 0.17269133750000001 0.4157096359375 0.19899872031250002 0.4184931640625 0.224524853125 0.41988509062499996
3 0.2677627921875 0.46628125000000004 0.2643766453125 0.46396158906249996 0.2544788015625 0.4634973953125 0.2401529609375 0.4597858078125 0.22686896875 0.45932194062500004 0.21983644062500002 0.4607138671875 0.22113870625 0.46488932343749995 0.23572496406250001 0.4658173828125 0.252134503125 0.469528971875 0.268023209375 0.47092089843749996 0.2677627921875 0.46628125000000004
3 0.07397331874999999 0.42498860625 0.0950714546875 0.4296282546875 0.11773227343749999 0.4351959640625 0.1575840640625 0.4412275390625 0.1581050796875 0.4361236984375 0.1505513515625 0.43380403593750005 0.13726754375 0.43241210937499996 0.12372313593749999 0.428236328125 0.10991812812499999 0.42638053437499995 0.09871801875 0.4226689453125 0.0830897296875 0.41988509062499996 0.0625127921875 0.4175654296875 0.0453216375 0.41431770781250005 0.018753837500000002 0.4110699875 0.0020836984375 0.4092141921875 0.0020836984375 0.4171012375 0.0166701390625 0.4194212234375 0.032037829687500005 0.4203489578125 0.049489217187500004 0.422205078125 0.07397331874999999 0.42498860625
3 0.08569444375 0.4133896484375 0.09975986875000001 0.414781575 0.09871801875 0.40828613281250004 0.0875177265625 0.40828613281250004 0.078401315625 0.4064303390625 0.0619917765625 0.40318261718750004 0.04245650625 0.4022545578125 0.027870248437500002 0.40086262968749997 0.0091164109375 0.397614909375 0.0007814328125000001 0.3980791015625 0.0007814328125000001 0.40318261718750004 0.017190971875 0.40457454375 0.03542379375 0.40735807343749997 0.05808479531250001 0.4092141921875 0.08569444375 0.4133896484375
3 0.195873171875 0.40596614531249997 0.1966546046875 0.40086262968749997 0.1807658984375 0.3980791015625 0.1617516453125 0.3957591140625 0.140653509375 0.39019173125 0.12085782187500001 0.38601595 0.1138252921875 0.3869440109375 0.115648575 0.391119465625 0.132578946875 0.3957591140625 0.1508119515625 0.39993489531250004 0.1719099046875 0.40271842500000005 0.195873171875 0.40596614531249997
3 0.2693256578125 0.44679492187500003 0.2557810671875 0.4435472 0.242236659375 0.4435472 0.23259941562500003 0.442619140625 0.22973428437500001 0.4481868484375 0.24197624218749997 0.4491145828125 0.25656249999999997 0.45004264374999997 0.27036750781249996 0.45189843749999997 0.2693256578125 0.44679492187500003
3 0.431858553125 0.4481868484375 0.431858553125 0.44447526093749995 0.47353380781250004 0.45236230468749994 0.4912456140625 0.45189843749999997 0.48473391875000005 0.4463310546875 0.46441739843749996 0.44493912812499997 0.44019371406249996 0.43983561250000003 0.4211792765625 0.436587890625 0.409197734375 0.436587890625 0.4055511703125 0.43890755156249994 0.4063326015625 0.4421552734375 0.39487189375 0.44447526093749995 0.396955775 0.45282649687500004 0.42456542343750003 0.45839387968749995 0.4420169953125 0.4597858078125 0.44748684218749996 0.4532903640625 0.431858553125 0.4481868484375
3 0.4420169953125 0.4328759765625 0.44462171093749997 0.438443684375 0.45217525625 0.44029947968750005 0.45946838437500004 0.43890755156249994 0.47535709062500003 0.44169140625000003 0.4784826390625 0.43890755156249994 0.47483607499999997 0.43473177031250004 0.4691058109375 0.4328759765625 0.469366228125 0.428236328125 0.45894736875 0.42730859375 0.44045412968750003 0.42545279999999996 0.4232631578125 0.42406087187499997 0.42352357500000004 0.42081315156250004 0.4282119890625 0.42174088593750003 0.42977485312499997 0.418029296875 0.46441739843749996 0.422205078125 0.46806396250000004 0.4203489578125 0.46806396250000004 0.416173503125 0.4532171046875 0.414781575 0.43498428437500003 0.41292578124999996 0.424044590625 0.4110699875 0.3940904609375 0.40875000000000006 0.38783918125 0.42127701875 0.3888812140625 0.42545279999999996 0.41180244843749997 0.4287005203125 0.4420169953125 0.4328759765625
3 0.4717105265625 0.5173170578125 0.48499433437499995 0.5201009109375 0.5063528875000001 0.5224205734375 0.5144274484375 0.5177809250000001 0.53396271875 0.5182451171875 0.53396271875 0.5131412765625 0.5206787281249999 0.5112854812500001 0.5102600515625 0.5089658203125 0.49645504375 0.5057180984375 0.45217525625 0.5033981125 0.4344632671875 0.5015423171875 0.43159813593749996 0.5024703781250001 0.43263998593749997 0.506181965625 0.478222221875 0.5098935546875001 0.5126041671875 0.5140693359374999 0.4977574921875 0.5140693359374999 0.48265021875 0.512677409375 0.45972880156249996 0.5131412765625 0.44175639687499996 0.5108216140625 0.4370679828125 0.511749675 0.4420169953125 0.5163889968750001 0.4657196640625 0.51963671875 0.4717105265625 0.5173170578125
3 0.0830897296875 0.4607138671875 0.09376900625 0.46256966093749996 0.0929875734375 0.45746614531249996 0.0703267546875 0.45282649687500004 0.050791484374999994 0.44772298125 0.040893640625 0.4495787765625 0.0289120984375 0.44725878906250005 0.0023442984375 0.44169140625000003 0.0002604171875 0.4421552734375 0.00104185 0.44679492187500003 0.0184934203125 0.4495787765625 0.035944809375 0.4532903640625 0.059647478125 0.45607421875 0.0830897296875 0.4607138671875