3 0.41775310625 0.5174954421875 0.4533172515625 0.52195670625 0.4881301171875 0.5290944015625 0.5181842109375 0.537124675 0.545984284375 0.542478190625 0.5452330046875 0.5380169265625 0.5246959062500001 0.5335556640625 0.5044093562499999 0.5268639328125 0.4748561765625 0.5197262375 0.45056231718750006 0.5143727218749999 0.4217604171875 0.510357746875 0.403477521875 0.5041119796875 0.38794937812499997 0.5032197265625 0.3528861484375 0.4947434890625 0.3368572734375 0.4934052734375 0.3080553734375 0.48849804687500004 0.2825093203125 0.48136002656250004 0.272491228125 0.4795755203125 0.266981359375 0.4849290359375 0.2947814328125 0.49831250000000005 0.324835709375 0.5000970046875 0.37592781406250003 0.5094654953125 0.41775310625 0.5174954421875
3 0.3586465640625 0.5170494796875 0.3751763515625 0.5210644531249999 0.391455775 0.5224026687500001 0.38794937812499997 0.5161572265625 0.36440698125000004 0.51125 0.3513835890625 0.5076809890625 0.332098684375 0.5050042312499999 0.318073465625 0.503666015625 0.30930774843750003 0.5050042312499999 0.31281396250000004 0.51125 0.32383388125 0.51348046875 0.3586465640625 0.5170494796875
3 0.27649853750000003 0.4577158203125 0.2727417765625 0.453700846875 0.260219115625 0.45013183593750006 0.24143530625 0.445224609375 0.22515588437499998 0.44210188749999996 0.1895917390625 0.4371943359375 0.2138856 0.445224609375 0.235674890625 0.450578125 0.271239034375 0.4599462890625 0.27649853750000003 0.4577158203125
3 0.404729715625 0.4893903 0.43077668124999996 0.49117447968750005 0.42977485312499997 0.485375 0.40197478125 0.480021809375 0.37667909375 0.47377604218749997 0.3566430921875 0.4684225265625 0.3368572734375 0.46753027343750003 0.332098684375 0.47065332031249996 0.347626828125 0.47422233125 0.363405153125 0.4782373046875 0.3829404234375 0.4835904953125 0.404729715625 0.4893903
3 0.27599762499999997 0.450578125 0.287267909375 0.45503906250000004 0.29252741250000003 0.462623046875 0.3083059203125 0.4652998046875 0.30930774843750003 0.4492395828125 0.2932786921875 0.446562825 0.26873446562500003 0.4416555984375 0.24669480937500002 0.43764062499999995 0.2444407890625 0.4318411453125 0.21538834062499998 0.42648762968750004 0.19560270468750002 0.4229186203125 0.1795738296875 0.4197958984375 0.181577303125 0.42648762968750004 0.2091270109375 0.43317936250000005 0.2351739765625 0.43942512968749997 0.253957784375 0.44433235625 0.27599762499999997 0.450578125
3 0.5670222953125 0.5259716796875 0.569276315625 0.52195670625 0.5777916671875001 0.523294921875 0.5767898390624999 0.5170494796875 0.5592582234375 0.512588215625 0.5369682015625 0.5094654953125 0.515679825 0.5041119796875 0.4953930921875 0.499204753125 0.47836239062499997 0.49563574218750006 0.4793642171875 0.5018815109375 0.502405884375 0.5094654953125 0.526950109375 0.51348046875 0.5492403140625 0.5192799484374999 0.5670222953125 0.5259716796875
3 0.71427284375 0.5228489578125 0.7155250359374999 0.5116959640625 0.709013340625 0.5108037109375 0.6639320171875001 0.505896484375 0.6135911921874999 0.499204753125 0.5900487937500001 0.49563574218750006 0.5955586625 0.503666015625 0.5575051171875 0.49786621093749994 0.608597221875 0.50901920625 0.6404046046875 0.5152649734375 0.6919826390625 0.5228489578125 0.71427284375 0.5228489578125
3 0.3884502921875 0.47154557343750003 0.426769371875 0.4795755203125 0.47134978125 0.4867135421875 0.5031571640625 0.49385123750000004 0.5056617328125 0.50054296875 0.5309572375 0.5027737625 0.573033078125 0.5121422531250001 0.6091282890625 0.5224026687500001 0.6173930921874999 0.5282024734374999 0.6456940796875 0.529986653125 0.6654798984375 0.53087890625 0.7556423609375 0.5415859375000001 0.7536387062500001 0.53534016875 0.6850149859375 0.5259716796875 0.6797554828125 0.5237412109374999 0.6326706875 0.5192799484374999 0.5986092843749999 0.5116959640625 0.5405045687500001 0.49786621093749994 0.5066785453125 0.4902822265625 0.458341375 0.4809140625 0.4245303359375 0.47377604218749997 0.355921784375 0.4599462890625 0.348658625 0.4532545578125 0.3143466734375 0.4492395828125 0.3105599421875 0.4487936203125 0.3110608546875 0.4590543625 0.3288428359375 0.45950032500000004 0.36065021875 0.46619205781249995 0.3884502921875 0.47154557343750003
3 0.664698465625 0.575044596875 0.7117832609375 0.581736328125 0.71403728125 0.5777213546875 0.7491005109375 0.583966796875 0.78541611875 0.5915507812499999 0.827742325 0.594673828125 0.830497259375 0.5911048171875 0.8147189328125 0.587982096875 0.7789042390625001 0.58262858125 0.743340278125 0.5781673171875 0.711282346875 0.5719218749999999 0.672462353125 0.5616611328125 0.6659506578125 0.5598766281249999 0.6521758046875 0.55675390625 0.650422696875 0.5634456375 0.6404046046875 0.5616611328125 0.6223720765625 0.5585384109375 0.6103503296875 0.5576461593750001 0.647417215625 0.5674606125 0.6484190421875 0.5723678390625 0.664698465625 0.575044596875
3 0.8608019 0.5607688796875 0.8520361843750001 0.558984375 0.834754934375 0.5571998703125 0.8174738671874999 0.5549694015625 0.815219846875 0.5594303390625 0.83074780625 0.5625533859375 0.8500325296875 0.5647838546874999 0.8618037281250001 0.5647838546874999 0.8608019 0.5607688796875
3 0.8067044953125 0.5527386062499999 0.7964358546875 0.550062175 0.7824106359375 0.546939128125 0.7743961984375 0.5473854171875 0.759870065625 0.5496158859375 0.7753980265625 0.5540771484375 0.794933296875 0.555861653125 0.807205409375 0.5540771484375 0.8067044953125 0.5527386062499999
3 0.8720723687499999 0.5763828125 0.8758291296875 0.5745983078125 0.8725731 0.5719218749999999 0.857546053125 0.5705833328125001 0.8477785093750001 0.56969108125 0.8460254015625001 0.5719218749999999 0.8582975140625001 0.57415234375 0.8623046421874999 0.5768291015625 0.8720723687499999 0.5763828125
3 0.8497821640625001 0.5442623703125 0.80996034375 0.540693684375 0.8079566890625 0.5442623703125 0.8314990859375 0.5473854171875 0.849531615625 0.5482776687500001 0.8497821640625001 0.5442623703125
3 0.6694570546875 0.5362324218750001 0.6611920687499999 0.5344479171875001 0.6371487578125 0.5317711593750001 0.633892909375 0.5362324218750001 0.6904948828124999 0.545154621875 0.695253471875 0.5398014328125 0.6694570546875 0.5362324218750001
3 0.565018640625 0.5313251953125 0.5640168125 0.5375706375 0.592818896875 0.545154621875 0.5940710890625 0.538462890625 0.565018640625 0.5313251953125
3 0.4911354171875 0.5139264328125 0.4951427265625 0.51125 0.4665911921875 0.5009892578125 0.4455533625 0.4965279953125 0.4287730265625 0.49385123750000004 0.4102395828125 0.49162076875 0.4074846484375 0.49385123750000004 0.42952448906249996 0.50054296875 0.4570740125 0.5067887375 0.4911354171875 0.5139264328125